1000 9892
121 970
690 855
747 650
750 287
56 775
426 211
578 660
134 350
82 551
30 287
147 33
354 487
794 888
742 530
639 946
341 219
656 873
911 35
623 245
626 59
679 7
402 49
246 296
56 468
593 339
423 602
482 498
890 503
943 355
873 739
892 329
469 232
752 508
554 78
919 474
813 819
890 358
88 980
86 355
707 40
627 957
900 485
278 433
685 405
286 988
912 411
658 179
454 22
992 681
535 283
661 972
523 935
28 351
17 202
970 240
273 352
889 384
138 830
690 243
486 790
201 902
22 148
996 967
603 815
620 135
178 430
473 730
783 724
408 407
279 428
690 469
794 210
35 152
642 400
71 718
719 98
666 26
427 610
524 76
83 132
214 878
694 420
624 416
789 336
457 991
775 861
617 697
746 991
794 63
92 253
82 253
408 36
462 411
48 123
90 970
366 887
42 127
872 664
45 354
690 537
711 897
551 984
590 6
438 307
901 697
940 209
485 252
309 14
627 63
935 462
4 572
557 344
485 333
307 613
146 733
94 703
867 508
632 470
137 486
195 312
234 734
588 257
772 712
994 616
939 169
461 421
707 405
798 892
892 143
225 259
345 244
91 1000
809 581
276 526
977 911
389 809
707 290
564 217
415 809
548 8
623 382
570 630
420 625
668 143
901 79
105 869
914 11
320 340
1000 726
341 322
829 493
830 798
736 731
398 938
112 101
38 381
609 101
867 279
863 406
448 167
750 968
810 637
739 337
637 774
879 825
304 437
488 658
175 402
383 287
573 315
784 126
88 778
384 208
832 874
374 218
403 726
810 945
98 194
168 223
76 766
944 82
780 808
520 407
699 216
348 490
573 767
923 784
939 210
465 211
803 759
369 319
646 99
115 303
812 383
996 236
958 644
255 799
509 635
705 598
651 648
748 652
251 940
161 388
609 774
132 259
783 44
380 383
242 376
243 689
928 209
503 355
569 225
772 450
296 411
77 522
466 967
69 650
53 672
606 419
892 559
226 951
317 108
395 321
598 199
819 150
88 908
255 288
438 704
723 626
615 512
62 384
66 991
196 935
274 752
791 949
451 740
32 962
625 453
205 813
919 81
743 301
272 96
74 212
496 526
940 567
607 668
943 972
925 477
148 52
396 385
698 513
550 742
220 221
794 28
867 638
119 969
706 800
158 671
585 177
490 183
989 143
503 165
921 151
794 399
119 894
286 355
949 545
197 844
913 523
861 501
555 694
149 41
150 466
559 626
391 924
324 65
589 459
77 311
527 914
461 88
137 610
580 146
431 768
983 823
133 758
81 205
209 16
447 490
423 109
315 620
856 868
820 967
971 629
502 418
538 588
997 169
1000 195
211 796
329 949
167 249
596 989
651 692
475 870
229 896
123 133
142 777
971 339
455 194
226 646
977 838
375 491
142 952
661 312
26 657
762 679
815 403
873 518
126 774
15 219
22 589
9 854
695 471
820 426
70 825
903 989
744 644
550 70
277 738
518 992
44 819
226 202
869 820
781 146
72 700
832 69
644 926
666 754
120 680
409 180
782 772
718 646
965 983
771 162
516 474
444 458
361 380
771 819
849 727
261 865
334 425
262 442
541 965
195 741
34 445
162 742
608 794
419 237
888 506
29 630
582 258
875 788
987 710
716 784
945 144
633 298
219 153
456 245
93 736
775 30
458 962
993 547
354 787
869 208
707 781
708 82
160 600
214 271
79 228
276 166
942 820
280 289
158 198
507 480
214 233
397 519
569 462
218 228
132 308
318 777
69 927
413 317
414 526
273 650
937 419
604 767
905 93
372 924
691 588
32 479
837 19
237 490
735 383
648 825
441 739
982 460
571 915
806 30
458 376
204 836
11 902
164 761
860 846
970 287
833 13
321 849
231 498
655 380
256 932
387 90
779 844
344 157
236 475
532 856
205 868
844 96
424 213
226 321
634 66
743 484
586 417
436 614
154 21
895 14
182 431
187 455
562 9
927 259
129 322
311 126
258 358
921 222
10 455
505 601
895 364
954 286
224 63
372 239
335 997
968 430
72 227
785 748
310 45
485 25
512 683
146 937
458 919
268 705
133 435
262 83
335 571
450 467
124 318
949 827
974 486
558 701
780 619
394 186
638 819
110 232
954 850
314 501
924 638
194 863
22 560
953 26
590 289
459 353
657 750
103 866
877 843
414 987
808 878
108 812
61 670
318 55
536 586
855 884
712 510
116 814
679 42
259 485
189 314
895 648
222 290
208 732
138 763
160 415
915 289
188 357
425 109
78 945
942 586
965 619
568 507
682 399
938 789
464 224
886 231
944 858
942 693
910 151
714 828
970 130
2 400
899 130
984 413
832 222
724 484
410 108
883 56
514 358
552 205
662 790
222 777
657 374
199 802
910 932
331 691
102 242
529 828
239 447
166 835
813 508
318 810
326 117
728 684
512 617
380 615
54 366
1 148
220 24
827 32
422 836
386 422
689 7
372 536
751 449
823 84
261 603
272 592
722 216
741 332
96 395
494 10
163 902
2 536
985 555
694 973
61 275
833 623
346 963
15 435
859 125
369 399
705 597
498 237
1000 119
263 577
910 644
358 833
237 144
964 366
960 901
299 373
446 484
213 487
548 864
94 442
20 441
920 711
481 535
152 625
942 900
228 292
798 744
939 863
516 313
762 755
355 187
356 576
89 75
952 839
627 967
148 511
982 359
142 366
474 219
460 919
778 862
363 130
715 489
352 753
951 256
808 164
593 870
47 277
982 944
945 393
736 454
202 494
404 550
352 479
704 100
957 654
553 942
893 624
529 143
883 518
519 620
44 396
542 663
83 206
397 583
179 675
456 508
224 8
371 203
746 901
504 488
729 753
180 995
947 639
457 918
115 206
627 256
524 228
780 894
563 630
395 472
538 824
225 515
218 129
211 592
932 534
931 331
471 2
917 164
422 578
993 518
488 218
552 515
402 662
111 88
997 71
817 417
676 620
76 336
719 526
975 944
924 934
945 581
621 748
603 97
200 524
608 409
256 494
886 752
461 411
462 908
489 978
328 710
186 978
373 596
835 291
237 5
916 672
481 563
389 864
54 828
312 787
739 172
367 759
260 211
762 791
863 320
428 921
839 121
162 287
473 768
271 509
283 3
156 819
113 490
894 19
508 442
735 990
538 390
60 70
830 934
196 518
141 131
645 627
574 427
944 576
232 818
782 692
623 986
93 59
425 609
905 815
987 723
73 55
291 72
936 883
455 837
667 997
616 923
12 150
839 739
272 363
794 480
228 612
27 921
12 357
710 852
346 491
609 423
665 117
884 111
851 350
11 39
721 830
24 339
703 634
867 968
600 717
251 555
305 471
657 848
955 381
958 524
116 951
389 383
355 237
224 592
172 784
798 100
566 192
803 654
608 310
555 337
403 28
957 824
207 994
423 225
599 8
779 56
309 202
147 35
76 203
539 741
735 489
954 512
722 740
164 757
810 67
703 284
266 102
531 103
435 58
109 175
758 292
316 783
136 509
504 535
714 950
87 664
922 603
133 464
24 23
299 1000
322 523
730 748
666 676
649 946
692 714
566 985
459 639
227 747
746 537
602 997
588 528
537 546
899 71
942 491
690 64
909 162
415 425
254 387
464 845
681 259
511 802
619 59
723 967
468 485
818 367
589 688
291 501
534 19
794 452
46 966
512 573
125 496
876 584
970 517
257 86
410 636
160 647
819 984
716 900
254 863
989 408
722 245
709 707
929 437
750 735
722 132
544 876
802 44
750 334
467 997
702 557
315 919
462 554
46 805
357 281
930 200
555 189
95 652
693 351
150 967
263 604
912 942
954 693
766 417
629 102
602 99
530 388
432 695
372 341
110 67
206 749
649 18
969 875
925 357
393 300
772 488
442 919
42 205
830 34
65 100
563 485
302 635
360 552
930 652
189 27
411 1
821 982
92 970
607 37
19 452
938 786
443 656
190 703
943 103
965 763
624 947
813 567
373 64
691 103
142 894
197 274
397 208
143 924
663 213
166 535
562 456
176 531
981 498
538 353
611 877
616 821
836 526
766 715
624 224
331 669
581 222
226 567
628 287
700 188
379 715
605 121
3 261
443 314
500 825
175 867
534 430
43 385
832 522
449 938
51 906
710 559
15 623
167 864
974 80
733 474
524 295
547 926
911 417
402 691
756 264
851 628
500 590
945 719
243 484
389 472
483 309
619 504
46 426
128 350
312 171
403 84
354 570
172 623
507 24
369 31
743 901
467 758
673 39
506 336
808 730
443 203
276 556
227 22
63 356
472 207
169 145
811 366
596 520
299 530
429 735
929 767
967 99
700 574
425 72
833 91
463 896
66 938
527 203
506 165
87 832
689 644
191 742
729 139
805 102
165 903
538 419
844 111
886 115
890 126
994 144
266 689
984 358
443 11
761 116
505 310
303 623
141 320
52 909
496 927
970 392
188 829
351 545
508 578
183 122
666 80
105 855
395 74
383 531
422 865
295 493
413 866
898 268
760 905
686 369
750 548
879 384
113 609
314 328
996 428
730 720
306 980
358 355
258 915
958 992
100 456
229 172
713 535
521 866
786 576
234 645
366 510
848 393
189 415
981 675
543 620
237 115
185 296
406 896
632 639
192 540
1000 483
213 506
752 580
950 529
403 334
111 669
448 293
708 579
291 721
716 118
97 514
313 573
385 984
630 346
635 14
153 582
437 996
131 329
838 304
190 985
409 666
383 157
536 658
614 779
814 441
303 956
203 269
27 950
230 659
545 565
242 890
913 76
404 596
376 520
897 605
331 749
120 904
982 844
899 264
343 220
921 192
140 860
935 995
132 988
816 361
673 720
695 35
76 689
572 814
78 35
225 445
872 528
524 137
736 47
719 862
600 718
431 806
547 969
54 203
439 519
798 218
837 624
422 766
774 99
25 608
544 944
941 722
798 101
270 386
436 942
627 469
756 759
495 331
47 596
29 41
109 507
751 956
989 887
973 338
503 7
407 815
369 466
699 718
539 661
756 917
907 957
235 570
180 201
808 658
881 76
807 860
756 772
958 472
448 257
288 186
237 377
826 694
758 293
589 917
243 792
35 752
39 532
354 38
356 744
286 963
439 510
939 667
687 73
669 558
395 633
783 474
809 187
154 480
687 62
780 364
356 974
291 777
809 196
766 684
685 627
837 143
305 54
468 486
988 237
899 356
726 353
296 719
614 371
542 748
107 767
913 576
76 838
42 818
79 381
413 336
400 556
595 147
859 774
253 43
551 580
112 885
46 584
341 696
95 850
538 736
542 168
923 934
391 644
405 470
548 537
860 283
630 993
663 824
632 362
315 918
545 373
157 71
351 273
307 919
553 915
94 589
726 150
990 523
238 876
20 423
152 535
616 92
389 790
18 243
708 628
69 770
35 910
492 143
296 418
539 494
756 792
425 194
354 232
338 805
891 51
928 39
804 986
790 669
666 999
341 335
550 61
239 916
610 776
973 698
960 359
172 470
373 990
510 311
909 402
435 311
1000 377
616 536
504 786
411 302
395 613
491 252
855 933
939 788
999 156
601 277
486 817
433 187
822 959
914 458
993 451
287 177
993 60
390 698
231 980
322 976
625 649
763 23
654 730
270 911
568 791
842 410
685 192
564 951
874 11
656 458
380 720
660 386
332 595
928 842
910 846
413 782
760 84
932 766
863 810
639 631
677 978
15 671
242 708
932 589
21 298
314 292
688 217
447 64
488 15
163 537
826 187
663 860
320 856
337 216
858 200
698 369
877 153
998 151
351 373
759 664
834 881
868 573
109 815
203 770
679 200
367 620
5 425
883 971
43 505
574 113
276 668
892 396
786 33
860 978
995 109
763 153
946 347
621 219
702 519
516 89
365 413
204 541
478 196
75 861
752 229
934 843
3 55
574 290
575 591
65 274
304 630
328 815
329 133
661 115
793 534
836 732
196 691
433 167
330 313
227 947
157 824
502 316
55 153
37 446
40 366
386 358
317 670
548 14
989 140
684 702
940 848
499 384
465 368
836 769
698 878
440 594
702 942
211 741
713 171
471 175
738 750
975 751
353 564
121 720
766 160
8 916
119 526
363 984
343 198
90 210
495 507
833 728
42 334
116 627
47 691
507 493
146 288
238 202
973 173
242 185
663 899
543 623
146 435
771 28
65 769
800 860
674 893
569 145
422 342
449 369
320 497
764 500
587 277
54 503
237 404
38 79
649 186
942 529
959 989
728 413
453 680
372 753
416 819
410 172
259 415
303 974
753 847
621 633
630 183
541 414
459 597
478 307
49 721
710 142
657 738
736 629
700 400
83 398
931 873
966 439
552 135
753 570
783 712
304 337
678 901
801 908
257 174
957 513
318 785
889 187
822 641
97 280
704 352
872 898
942 571
555 904
849 502
428 247
504 373
767 215
182 2
385 300
11 775
116 770
172 236
656 48
671 112
936 689
497 941
889 759
871 515
964 231
822 717
294 426
591 384
78 365
599 917
871 656
195 435
401 560
826 371
118 483
299 401
925 125
944 678
587 578
894 578
226 566
133 26
262 694
12 905
268 910
129 739
702 224
597 425
762 599
13 581
660 732
263 895
89 16
406 655
621 18
630 590
151 185
887 371
394 906
692 120
297 816
203 278
705 200
688 922
840 881
987 994
974 668
849 99
226 348
400 97
718 737
370 819
131 979
336 879
802 644
433 239
434 768
719 249
520 897
297 520
409 70
652 134
432 289
585 253
595 217
895 408
36 163
366 686
383 756
25 406
941 224
283 986
605 19
733 94
880 574
609 80
193 969
234 247
805 278
737 244
924 100
814 880
29 712
871 833
985 818
733 864
628 815
992 422
831 471
297 964
888 813
591 503
809 845
299 223
102 736
950 402
788 105
756 677
229 227
367 885
759 695
778 402
597 182
217 788
678 699
200 582
705 767
850 512
264 995
341 251
893 446
173 978
229 598
863 427
817 283
504 710
873 707
420 972
437 938
331 155
316 813
647 811
106 681
203 379
515 665
952 797
58 852
173 517
653 827
356 653
235 980
164 344
662 535
312 555
579 346
778 776
948 632
420 49
439 375
79 796
314 375
176 533
996 999
482 585
249 946
432 382
469 701
405 421
617 639
819 747
486 643
297 757
358 478
325 303
556 413
531 428
791 454
284 696
428 40
447 284
603 602
787 534
975 512
521 835
370 283
225 484
210 368
798 369
55 376
572 582
21 440
849 335
759 964
778 197
626 955
129 879
183 468
629 516
189 663
975 552
372 531
120 492
428 477
176 270
711 758
99 662
595 637
284 316
157 42
837 984
124 188
61 590
812 266
599 50
997 142
946 743
861 894
556 662
552 838
118 291
449 37
149 674
697 885
458 300
593 671
901 238
65 70
247 890
912 569
731 521
678 16
40 900
832 480
349 461
397 16
735 86
113 451
392 27
978 969
447 590
623 749
995 842
8 89
435 387
273 300
190 653
758 191
316 390
356 903
35 374
128 692
680 97
947 397
589 788
201 211
55 152
336 966
962 902
210 931
103 172
324 175
789 291
831 696
101 475
515 354
507 34
16 775
917 463
41 724
617 885
524 231
504 346
399 445
934 293
96 164
317 258
280 43
101 189
546 282
381 157
664 849
521 712
343 193
492 765
368 947
169 157
717 69
664 111
459 349
798 926
931 480
342 10
540 625
461 408
838 874
700 783
517 847
590 399
407 443
13 544
51 469
768 507
578 478
27 332
155 307
446 278
530 349
878 373
627 567
386 741
95 117
920 597
647 994
13 770
711 175
278 48
715 168
881 128
41 457
463 870
834 120
736 808
776 131
597 53
92 547
807 880
949 563
934 967
793 753
593 839
23 188
601 838
135 934
887 573
665 377
770 195
115 992
904 517
724 142
447 993
28 645
550 518
165 620
738 318
7 377
852 298
447 630
414 261
785 407
56 333
805 604
296 612
542 513
444 548
357 837
339 454
846 443
926 371
949 946
774 327
535 618
138 429
376 944
822 689
2 556
850 872
134 49
46 925
656 561
931 505
860 305
418 284
122 674
85 542
46 780
512 400
566 199
381 387
272 953
1000 569
206 726
298 534
752 644
937 534
425 458
116 711
392 157
307 419
599 363
801 144
180 203
587 304
382 652
825 395
921 836
39 641
283 115
624 827
532 518
754 434
294 849
903 829
613 637
914 194
329 354
459 739
210 551
903 882
197 315
420 30
719 474
847 657
499 575
136 685
734 253
386 13
836 533
247 608
620 252
757 849
386 188
978 322
689 829
227 970
822 755
217 510
615 8
852 334
430 924
34 477
664 636
168 395
794 451
427 758
581 25
709 212
803 727
721 654
516 188
194 780
797 593
722 320
841 821
551 582
788 276
776 936
300 414
211 525
424 820
399 282
466 364
731 841
940 206
764 778
590 186
848 309
332 158
6 475
981 519
980 942
251 790
953 30
96 569
526 589
359 772
285 161
33 200
695 634
251 799
147 64
989 857
96 680
208 946
251 116
531 934
425 183
616 94
349 855
571 598
156 618
159 958
39 724
846 668
247 145
484 613
394 845
128 438
296 307
297 30
134 891
763 255
932 813
865 579
682 395
795 184
288 422
363 154
715 449
726 300
938 672
705 171
83 363
714 139
217 497
454 390
476 330
853 708
490 442
788 773
922 975
390 553
249 945
395 837
417 653
839 902
813 291
803 16
483 924
11 821
415 31
608 855
789 270
292 810
23 970
906 554
45 14
379 716
713 60
527 383
720 768
42 788
3 550
402 72
693 723
750 924
162 413
56 648
571 59
93 691
600 373
633 486
46 763
592 601
849 334
355 517
391 853
105 238
177 713
470 822
841 674
272 739
977 34
778 578
398 106
85 613
741 961
489 728
147 382
793 432
8 728
696 899
733 662
422 407
721 381
512 247
554 350
905 8
155 697
599 162
838 926
587 666
455 106
43 529
333 522
963 687
968 759
952 220
477 607
574 119
341 100
669 833
911 772
773 803
758 355
820 322
307 433
649 894
148 338
982 746
714 860
822 344
771 431
470 365
577 460
299 834
74 650
892 707
624 33
858 734
684 779
649 600
136 613
11 627
110 927
398 253
455 972
386 245
64 455
529 131
306 316
948 883
816 497
799 264
380 528
841 2
257 241
422 789
204 854
791 372
813 476
600 471
619 308
126 103
970 713
862 571
846 348
370 429
760 29
867 835
139 66
768 658
276 510
880 726
864 203
225 519
23 716
228 930
162 16
73 603
627 220
587 4
721 871
263 370
898 527
673 885
671 262
68 120
278 633
21 285
257 484
251 990
302 448
101 138
626 190
938 258
63 423
964 562
747 962
451 757
473 505
716 403
989 897
179 267
472 831
496 133
523 578
568 89
507 775
146 83
282 947
853 184
216 179
622 895
971 5
408 965
762 898
984 184
218 752
992 643
413 212
402 157
623 768
681 9
314 610
629 591
600 119
773 844
109 523
792 989
832 26
944 580
176 734
509 438
277 304
343 563
737 12
40 332
900 978
33 901
840 275
859 529
306 435
516 514
295 573
906 738
984 21
954 246
572 809
388 752
940 965
888 110
547 125
321 611
892 201
789 24
721 818
280 8
46 999
703 857
91 454
503 674
64 139
475 980
7 845
751 38
391 562
656 577
180 263
272 954
882 169
669 197
372 763
981 723
855 254
967 992
787 390
346 986
402 920
114 398
117 797
339 955
820 198
893 408
964 677
568 134
894 802
905 963
479 440
91 196
51 161
382 653
791 677
970 280
109 828
254 335
401 489
828 898
460 697
559 159
75 616
196 983
291 957
576 861
332 7
960 60
637 892
201 904
697 787
718 743
594 593
277 483
888 718
267 67
839 925
495 381
10 625
616 876
983 694
508 534
568 911
992 235
560 559
894 198
732 229
59 117
334 57
651 329
135 56
764 694
413 647
860 65
850 43
592 915
30 161
582 498
825 671
167 888
168 682
595 773
285 493
547 998
107 943
205 22
686 43
29 1000
530 847
858 320
823 642
829 833
869 64
798 68
254 652
593 6
242 108
804 776
178 708
323 501
403 501
864 575
411 772
298 61
579 196
137 121
857 298
455 129
772 325
901 103
406 591
925 353
602 30
820 73
556 499
507 862
807 893
596 752
943 269
506 26
201 616
971 124
633 160
596 615
563 278
140 509
13 841
811 653
877 138
787 862
58 850
429 520
778 935
874 656
570 636
398 940
187 683
313 852
922 810
740 533
634 240
692 976
641 834
135 851
549 218
163 275
880 239
184 854
710 833
586 81
749 515
931 52
609 144
974 920
805 333
301 18
818 188
159 116
70 337
168 473
315 410
661 745
196 399
684 356
171 699
867 806
997 5
54 926
784 274
660 397
59 782
208 452
119 694
45 303
816 548
91 401
842 635
681 831
497 922
773 970
703 702
471 169
834 571
980 518
928 700
232 345
806 701
189 661
172 837
409 525
747 699
745 245
988 679
557 438
669 284
427 145
219 151
251 620
286 61
506 749
967 936
90 492
384 635
422 487
80 202
501 566
766 856
489 906
626 125
511 717
80 345
535 704
602 498
677 484
187 888
995 1
777 470
209 660
249 423
764 322
108 414
436 421
648 69
813 885
247 997
114 922
335 326
373 959
529 471
568 267
970 163
495 652
810 456
101 773
13 79
385 426
60 46
353 28
46 233
763 617
322 785
568 617
435 562
697 843
607 328
24 967
572 985
966 153
233 439
717 686
641 584
22 449
642 82
992 147
757 413
850 209
816 321
76 509
543 246
108 884
283 900
710 877
469 442
440 597
439 793
449 793
301 625
345 856
181 450
550 853
989 427
834 544
78 122
336 373
372 339
335 585
11 143
12 604
3 10
567 434
290 90
298 689
319 43
357 402
266 421
307 645
346 165
589 295
332 848
258 879
1000 186
855 100
858 312
531 658
439 333
589 184
777 822
891 432
363 763
113 976
886 757
19 721
949 385
679 24
722 765
869 378
138 602
600 989
786 862
290 625
535 953
458 511
611 271
983 238
853 214
570 552
420 951
646 397
778 541
194 324
341 403
397 417
1 984
476 638
256 815
312 165
892 832
247 969
801 581
57 693
904 858
887 281
1000 931
69 394
605 584
204 659
761 314
409 333
193 422
250 305
362 279
897 544
607 287
790 692
97 194
648 302
373 181
945 284
305 957
102 524
623 993
538 165
359 215
586 105
70 270
770 112
183 37
665 557
62 994
694 467
72 894
715 980
58 305
629 134
701 537
741 604
580 478
371 733
896 437
219 878
970 746
783 768
955 146
349 767
189 906
308 62
724 989
231 767
200 145
722 547
884 155
686 79
206 907
234 432
343 118
38 704
859 355
149 297
285 441
472 672
702 570
63 228
781 953
11 393
4 726
702 389
851 673
46 893
450 26
825 62
147 38
95 804
338 930
411 877
380 893
811 396
351 479
248 980
725 334
262 580
22 752
494 429
151 980
688 544
28 1
386 627
308 305
297 32
260 188
173 653
365 465
972 383
646 992
959 846
126 518
127 299
974 853
97 780
351 915
264 405
545 612
583 228
145 406
787 547
757 785
446 844
382 846
933 326
757 130
886 302
653 71
658 991
917 690
130 4
978 320
46 400
213 673
989 64
331 794
685 327
712 763
827 26
441 459
858 700
500 878
471 227
92 244
242 681
337 251
86 542
96 300
806 45
536 295
367 35
980 714
506 901
124 308
508 219
932 597
108 385
663 967
688 49
722 62
727 240
146 226
974 283
963 6
843 620
237 789
755 360
494 252
200 135
688 287
462 606
44 921
164 472
493 60
796 301
962 197
57 817
260 114
47 842
839 286
702 18
99 59
706 113
464 620
411 919
69 671
436 450
95 79
776 206
524 596
985 216
790 499
210 521
140 220
359 424
148 823
41 801
305 884
982 942
456 744
398 719
990 357
747 80
875 39
838 169
533 565
609 151
225 174
463 412
698 999
183 109
617 525
304 138
654 734
477 481
85 912
690 722
561 806
976 555
349 551
189 946
954 30
93 546
357 125
15 667
73 526
390 149
770 884
211 920
408 712
536 33
179 281
3 996
6 453
394 299
512 90
659 285
115 313
670 255
69 960
472 781
470 385
255 33
223 331
80 203
617 500
636 48
711 422
169 779
423 906
941 841
156 7
364 930
181 756
976 292
703 339
134 714
165 724
872 481
696 227
221 600
354 123
446 603
378 117
517 300
239 758
103 839
990 39
520 239
832 129
335 502
212 99
639 260
14 729
92 713
628 555
75 925
573 118
297 427
871 369
526 308
748 508
272 103
844 943
296 877
776 599
143 59
965 909
783 828
608 646
515 178
41 575
137 824
101 631
118 575
447 607
712 676
106 223
694 500
625 681
572 912
811 680
10 409
917 460
756 36
793 86
900 798
162 447
617 278
478 945
598 709
251 517
432 857
840 38
54 224
741 362
12 946
655 542
626 986
937 797
898 525
403 153
985 521
522 838
76 334
186 762
224 569
194 129
214 196
34 755
21 556
171 243
155 534
462 918
855 837
177 806
604 587
643 877
91 952
47 925
194 419
587 692
843 786
83 149
672 154
982 443
621 409
517 110
518 697
351 152
872 959
827 255
670 516
921 798
776 55
382 419
222 30
494 867
499 951
406 449
348 247
32 886
785 72
607 137
841 369
808 134
22 128
462 123
942 465
875 94
988 407
435 48
705 435
945 364
698 768
503 934
840 656
6 551
225 327
7 395
68 139
106 66
324 29
954 244
58 417
558 498
211 645
604 116
107 564
573 719
301 689
280 10
427 941
409 682
152 137
395 331
225 469
378 42
119 494
566 43
807 279
910 548
115 93
678 512
170 251
741 96
190 254
1000 38
160 829
52 251
255 988
626 160
453 900
368 688
207 921
228 388
964 528
894 977
351 478
243 705
65 225
891 189
735 800
380 876
91 565
455 44
277 956
920 517
596 734
62 150
667 497
964 822
170 699
882 875
208 646
118 153
748 768
341 438
436 414
668 65
36 747
623 689
368 203
905 514
134 956
620 473
587 224
164 183
19 652
277 624
867 368
135 630
92 632
250 338
452 650
126 481
170 609
296 918
609 696
211 101
420 511
331 652
762 344
818 150
413 658
417 599
624 329
309 545
664 720
172 287
335 893
318 372
269 607
440 927
239 273
814 773
354 738
713 150
21 63
358 629
954 955
907 50
417 290
552 675
592 624
664 797
300 409
767 525
971 724
138 223
796 860
397 834
824 466
94 788
997 153
925 172
506 612
398 340
860 391
864 578
260 349
583 609
507 114
807 25
412 39
509 589
869 689
565 136
331 14
332 349
584 910
434 269
408 912
889 105
230 995
937 533
583 933
976 675
175 215
985 223
625 320
457 470
790 496
293 184
528 687
89 643
849 997
736 687
978 515
26 148
27 885
207 944
182 531
183 846
296 882
25 340
888 748
904 625
303 584
136 987
100 861
784 999
514 272
719 245
609 150
150 236
813 356
172 364
554 640
137 876
470 760
14 830
1 237
534 49
58 502
408 153
249 891
966 556
668 504
311 918
112 775
10 196
871 865
488 854
370 358
940 30
674 430
967 759
72 484
590 106
537 158
196 371
544 910
778 309
370 72
318 504
564 230
920 816
673 72
720 23
199 316
829 581
550 506
668 453
262 626
66 19
943 610
583 730
506 346
507 143
184 218
195 608
596 679
905 158
895 659
160 67
697 284
146 106
956 575
9 802
799 915
170 623
731 525
22 552
153 687
159 30
286 909
947 981
991 484
995 993
83 667
523 918
461 775
235 948
472 354
843 181
102 301
681 538
943 246
404 702
204 760
903 548
999 191
606 999
97 21
794 245
37 665
309 1000
404 924
166 791
228 760
10 567
612 185
301 116
729 585
548 11
608 886
127 806
537 318
499 391
393 534
818 305
603 525
291 435
202 602
200 84
262 240
581 990
474 378
447 397
450 483
699 252
681 793
439 569
336 262
264 611
375 959
163 939
919 916
130 742
318 261
856 876
531 660
471 377
714 405
826 344
918 696
11 284
704 884
119 299
831 388
328 584
183 841
655 172
547 623
64 920
535 842
459 191
761 787
462 774
855 821
276 718
995 174
428 769
13 941
215 163
622 915
588 39
80 470
782 67
765 187
862 176
38 467
244 716
170 747
523 805
193 154
434 164
970 370
516 58
559 132
144 849
148 889
259 160
966 185
213 937
201 913
383 505
130 399
168 230
171 825
334 663
447 28
654 458
503 816
841 193
866 884
729 564
230 392
749 969
348 102
507 731
776 707
245 282
95 925
395 31
664 612
115 770
22 338
79 359
82 73
979 941
728 619
451 260
606 652
336 708
872 534
637 266
31 401
548 269
572 667
44 28
962 571
944 18
599 690
954 983
438 300
21 508
663 957
779 197
253 355
207 241
630 927
155 928
545 355
882 164
720 279
350 598
977 248
426 142
246 519
236 266
753 688
271 26
527 497
755 319
169 928
223 381
775 474
65 887
946 728
708 911
414 630
310 679
665 980
479 20
464 755
39 801
892 211
821 217
289 504
41 271
773 70
230 885
161 678
258 65
331 573
99 110
520 74
648 31
79 737
782 974
383 191
75 838
368 204
810 511
114 928
117 463
946 239
395 639
218 834
294 567
260 611
999 886
838 48
377 900
794 186
64 403
121 230
412 981
861 226
112 431
240 756
206 297
682 834
323 490
766 289
223 88
353 896
719 117
429 391
264 394
970 701
741 638
723 479
837 823
564 985
305 266
483 205
548 830
816 154
530 936
197 925
733 891
901 543
629 954
6 189
633 447
997 934
48 451
195 116
347 81
20 139
579 282
724 721
972 763
574 515
560 509
264 650
962 289
981 515
889 178
394 309
228 370
77 938
170 220
99 718
42 52
691 914
907 753
468 537
32 461
661 450
529 769
872 93
299 687
216 417
363 594
769 609
904 216
890 417
708 626
32 499
434 443
787 133
181 670
754 240
536 899
666 894
527 79
665 354
772 102
477 744
829 371
744 693
909 315
655 299
38 283
386 856
501 147
675 962
469 501
532 661
992 590
865 432
496 317
903 690
13 40
987 965
735 799
366 960
614 676
5 900
580 860
874 433
602 960
308 843
883 645
100 977
79 904
316 366
580 739
887 993
818 40
426 637
988 344
81 540
603 947
862 249
165 544
222 531
336 622
992 702
547 216
15 854
110 592
883 336
168 619
496 840
870 126
547 169
50 627
814 845
822 509
237 691
110 451
112 824
650 674
318 524
697 644
875 613
125 30
794 371
419 395
202 793
901 62
264 584
651 84
126 671
416 387
72 485
788 411
483 429
48 382
911 479
215 994
474 40
848 277
677 692
691 833
677 830
296 240
879 184
591 756
740 146
243 410
87 277
255 919
471 698
348 618
402 991
830 487
431 280
644 367
198 182
726 39
531 55
949 332
214 408
726 918
735 204
661 809
95 173
812 843
526 47
636 903
486 538
412 345
506 172
566 894
814 420
199 784
611 126
754 585
29 850
689 526
861 932
727 319
13 76
531 499
871 371
601 379
503 815
989 147
439 612
45 844
49 393
257 836
130 202
254 588
475 998
174 259
859 521
71 649
22 883
666 91
524 13
949 552
537 430
349 664
927 225
287 838
955 248
101 184
798 342
340 828
931 371
552 636
594 491
872 729
45 417
525 919
548 456
841 578
181 225
856 877
263 511
431 617
164 916
739 536
370 109
902 210
462 613
1000 204
138 871
696 837
623 106
533 350
658 111
631 399
461 403
369 646
377 936
177 804
52 144
125 614
454 612
365 55
592 901
848 31
526 952
892 200
199 176
347 581
523 582
406 840
835 440
748 911
674 998
416 986
588 514
939 406
9 861
49 569
449 134
32 170
930 719
825 483
43 618
9 686
285 681
240 924
630 137
745 316
378 774
343 888
35 571
877 480
734 123
917 953
900 297
848 746
923 216
116 360
415 300
589 977
753 675
607 280
124 136
945 273
487 398
684 635
607 425
330 327
601 630
650 806
758 783
796 616
413 652
253 845
498 824
36 181
349 474
723 85
779 743
211 425
659 146
832 683
542 522
139 21
893 782
881 846
510 294
63 511
571 103
895 493
441 142
833 924
941 297
390 49
449 619
46 567
202 849
24 17
831 270
786 765
604 148
966 791
128 511
717 403
519 157
522 131
242 309
599 915
363 843
402 773
593 30
497 129
212 924
855 250
342 43
608 445
437 269
211 189
247 106
229 939
489 950
588 358
208 858
501 491
851 896
981 817
393 312
433 891
939 357
869 748
908 748
446 311
449 241
164 588
626 275
632 735
293 416
97 551
47 145
433 549
765 956
201 705
915 381
540 22
333 816
942 678
230 596
618 990
805 86
682 291
540 133
190 538
467 243
725 297
625 299
843 380
295 921
350 348
988 454
606 45
737 834
258 93
97 227
410 128
943 798
496 226
555 954
349 397
222 933
382 644
5 833
814 41
687 293
157 762
947 456
676 10
921 165
831 878
51 189
500 958
796 739
893 673
694 434
567 160
421 72
257 61
24 288
249 619
914 923
606 617
954 150
665 89
813 177
372 359
559 573
929 476
267 213
128 189
224 790
760 968
723 316
137 673
101 240
656 643
189 653
530 216
689 333
824 468
739 707
974 286
668 733
428 390
143 671
909 318
414 945
146 723
261 279
540 247
375 132
216 563
927 765
252 433
142 151
896 464
21 610
317 267
980 661
604 525
18 168
493 970
534 800
765 979
483 76
722 992
692 408
530 271
237 453
496 193
998 347
354 227
584 251
403 764
431 202
990 959
661 901
919 353
689 656
389 578
415 710
936 503
113 426
478 354
320 76
641 838
495 741
32 559
913 874
257 974
154 126
176 666
202 322
791 254
499 621
768 621
606 811
700 180
604 775
689 173
980 523
598 974
875 727
733 567
715 878
681 914
772 953
703 597
758 640
876 85
33 675
966 957
298 729
889 704
229 47
546 355
233 932
955 445
749 317
851 636
595 623
104 919
397 868
994 800
534 13
785 899
190 293
617 223
637 132
659 286
734 806
518 39
595 752
982 176
753 280
574 798
833 384
173 927
670 269
658 301
142 938
270 159
290 617
511 713
63 364
109 222
237 425
790 705
238 898
901 364
99 88
961 405
303 66
658 463
326 353
364 44
471 776
940 262
633 525
479 269
743 752
504 599
683 561
692 769
801 72
306 764
877 507
457 496
530 518
326 143
627 359
634 16
616 635
657 47
252 895
400 16
623 856
862 480
535 458
35 380
18 626
149 748
923 285
196 713
412 798
896 655
548 744
154 197
463 381
608 776
236 984
917 457
116 134
448 917
927 224
141 683
309 313
225 538
279 829
104 725
569 621
16 539
438 326
132 661
774 236
704 680
157 230
68 967
531 553
876 942
309 475
220 650
833 721
893 173
911 306
824 396
312 224
609 606
247 63
681 54
283 218
394 458
307 935
532 52
492 409
879 223
281 59
426 59
372 787
122 618
379 9
417 528
753 260
846 575
995 323
742 764
412 105
371 242
678 852
558 330
703 227
108 367
496 938
795 977
179 44
22 970
499 779
711 58
490 586
967 460
701 224
444 15
528 602
527 932
70 977
19 629
470 543
801 699
54 613
80 384
449 858
330 245
258 118
353 60
896 764
421 277
130 60
538 161
41 911
300 876
549 367
698 555
283 191
149 881
885 135
489 206
876 462
932 456
757 381
923 519
654 661
552 315
510 295
148 302
955 150
534 366
771 616
774 313
44 30
10 154
48 473
621 788
713 473
96 309
634 829
998 298
788 92
826 139
440 450
918 747
856 842
410 946
203 997
350 596
242 69
261 205
892 15
285 215
831 387
882 53
755 257
904 431
359 879
864 647
716 932
890 395
946 681
393 319
900 202
21 815
771 701
744 746
398 187
716 146
934 89
282 912
672 40
777 568
914 173
109 823
825 510
184 498
688 770
936 593
549 975
571 651
688 913
999 995
321 728
250 238
731 789
421 301
101 857
600 88
892 768
14 660
117 452
466 473
304 388
430 196
876 268
842 140
883 600
884 775
741 922
23 847
836 930
314 980
336 900
978 463
482 670
340 544
861 386
480 419
883 231
614 85
119 681
12 401
769 10
516 769
522 322
335 525
671 167
68 904
881 587
509 778
916 190
257 335
612 717
849 245
522 213
741 431
873 255
379 354
716 611
789 793
459 394
348 876
65 567
284 727
871 685
267 515
53 30
648 530
575 185
389 124
318 82
929 31
460 135
798 875
213 457
52 73
436 168
423 994
562 810
246 259
308 354
972 185
518 757
94 696
117 542
502 40
970 470
787 244
4 153
28 263
784 685
172 910
161 930
965 883
514 461
2 281
809 159
148 592
995 676
979 299
249 970
931 865
841 270
224 280
166 671
206 408
118 676
339 57
795 580
515 90
225 619
850 343
885 186
541 786
837 107
654 563
841 134
435 763
628 352
736 444
414 327
714 329
954 312
775 954
244 408
428 39
656 450
840 191
537 65
828 576
704 478
499 202
730 594
345 752
254 864
238 357
349 596
764 949
100 133
660 232
168 794
685 875
7 771
245 788
105 353
693 352
822 140
271 958
418 350
95 602
482 271
967 534
255 768
470 389
609 19
26 785
725 657
731 352
961 699
683 133
851 955
995 176
752 416
330 794
868 286
531 166
825 453
165 172
984 162
889 363
895 773
18 849
442 517
334 527
176 601
361 595
53 889
62 745
842 117
900 597
297 568
761 3
709 483
989 19
844 826
477 319
577 657
616 937
489 209
21 17
978 407
392 846
120 83
393 539
980 441
175 665
343 267
969 168
823 29
630 434
794 261
83 606
599 570
33 733
968 16
732 89
769 193
363 347
954 79
223 838
849 275
480 730
525 673
580 133
823 803
220 276
410 812
622 491
949 889
551 917
682 580
76 507
919 913
544 941
823 705
864 926
830 441
884 465
336 39
523 269
929 86
472 999
327 347
42 473
427 257
428 734
412 251
730 106
307 983
990 568
388 124
27 468
635 827
321 183
998 843
936 517
311 788
778 695
211 620
377 648
194 302
40 984
60 395
721 455
540 925
852 823
895 987
252 591
861 727
627 941
97 906
545 994
433 392
341 271
628 885
610 200
863 142
791 893
424 85
154 261
101 979
304 699
878 969
2 302
335 470
838 459
16 414
261 292
390 600
356 930
378 742
306 331
625 623
645 650
633 100
205 17
669 481
382 49
373 847
330 468
573 376
477 259
353 797
712 708
965 254
641 728
272 357
366 517
96 121
738 424
960 893
153 486
409 908
12 287
968 445
769 188
914 959
664 918
58 898
64 58
580 362
780 788
348 310
315 679
832 587
971 678
391 778
935 329
522 318
524 480
324 334
290 490
114 166
81 439
82 648
891 482
142 726
125 806
734 876
20 182
284 557
817 596
363 851
416 171
952 461
829 537
995 273
539 11
178 685
716 429
130 776
223 143
303 748
744 177
19 212
368 402
921 988
613 644
818 620
948 223
847 971
718 762
652 747
446 485
139 824
731 630
39 31
952 777
990 961
701 146
153 612
61 51
942 676
674 746
35 584
990 80
203 270
386 994
829 78
338 491
984 9
107 480
469 591
622 639
495 707
921 536
321 584
306 156
280 575
596 13
444 370
357 575
249 926
322 850
456 320
572 118
888 323
61 503
796 590
850 392
418 772
800 427
353 825
465 295
852 341
859 627
737 147
102 47
224 352
381 124
310 56
719 916
580 526
604 84
471 111
163 774
536 300
292 610
385 256
42 125
618 623
266 5
195 121
949 768
712 670
915 912
196 46
42 748
869 249
346 102
110 247
828 882
810 838
262 872
377 772
543 523
232 1
358 961
677 775
698 354
132 396
850 617
636 442
51 628
416 183
593 393
665 516
747 896
734 618
902 172
7 738
964 647
735 324
574 919
938 998
778 591
839 426
201 530
809 851
664 619
281 250
250 33
70 892
218 515
183 567
153 576
173 637
585 581
396 220
535 307
574 271
431 402
248 433
390 265
700 481
791 26
39 785
614 603
67 804
32 545
897 611
623 951
520 982
940 583
361 656
897 668
805 827
699 296
438 828
844 791
970 397
297 620
372 48
980 311
606 809
55 61
240 610
758 996
262 377
802 898
175 644
42 799
793 125
634 545
888 782
546 415
528 254
340 948
935 563
224 837
79 457
963 314
948 159
374 61
760 998
785 771
419 541
455 377
315 604
355 667
926 108
785 924
792 80
926 255
698 249
878 148
842 982
826 307
664 394
185 810
464 400
172 609
444 864
74 979
307 875
950 515
826 533
282 826
998 831
195 574
470 356
91 625
807 799
921 916
299 524
381 904
830 855
173 720
781 273
285 706
550 831
524 629
122 123
764 311
288 473
456 555
164 356
455 679
500 405
351 982
448 159
587 172
217 330
188 209
960 122
118 790
600 17
671 368
567 599
514 321
54 526
199 841
206 501
687 366
799 352
931 824
326 946
681 321
75 766
349 499
581 184
383 692
577 513
46 316
738 89
720 739
96 205
390 441
750 579
272 536
168 729
189 977
225 536
408 104
393 756
252 226
638 916
417 238
171 443
814 547
876 936
825 842
328 878
845 183
669 329
780 550
621 592
177 639
532 71
626 806
826 356
20 147
480 936
105 493
731 417
768 213
808 898
493 110
534 908
42 454
639 909
573 137
878 402
170 940
60 533
579 787
104 433
251 162
515 571
825 375
221 518
772 426
596 566
189 232
781 420
877 187
623 555
666 548
170 727
454 39
437 795
596 958
729 237
576 840
559 113
946 86
936 64
66 493
116 288
334 667
136 520
283 683
50 242
583 284
861 154
678 496
991 523
615 911
789 738
303 533
931 980
144 386
842 249
37 601
565 805
552 430
519 730
32 692
802 970
713 253
681 607
690 663
486 306
381 200
733 787
274 251
569 655
932 575
94 914
404 496
759 900
930 72
660 161
264 658
820 943
712 272
470 224
256 342
725 630
252 424
954 676
654 532
299 281
651 716
928 311
492 270
790 941
756 927
596 884
100 859
309 621
441 663
798 668
803 870
818 621
856 648
964 819
970 432
878 281
790 655
847 970
334 827
201 375
717 566
631 976
9 719
502 236
678 163
148 938
473 523
538 481
980 62
839 638
549 47
884 658
11 688
983 734
684 601
366 993
282 453
504 77
267 411
128 995
145 571
757 430
172 276
908 480
327 238
664 580
187 177
723 483
238 959
763 994
65 32
950 222
534 409
112 784
77 354
153 370
814 889
577 247
746 83
194 808
223 665
570 700
154 588
637 411
216 873
15 653
436 886
717 291
202 880
456 867
580 109
269 77
555 281
530 729
808 971
879 160
891 382
673 167
213 358
358 849
365 107
256 417
756 588
354 412
854 465
378 278
342 165
916 764
242 329
62 36
65 192
902 497
14 139
307 191
109 247
682 721
772 467
421 139
132 50
961 216
964 791
126 842
587 468
65 436
847 942
259 433
573 756
834 295
105 993
731 597
827 658
791 823
539 262
210 624
616 499
355 361
545 937
749 354
342 609
736 744
957 412
326 181
933 403
455 595
24 835
610 232
62 755
781 95
344 162
990 367
719 311
44 525
582 21
783 806
110 890
19 909
59 200
524 918
768 608
698 993
420 367
519 653
353 484
563 761
272 430
201 280
737 190
44 194
963 428
525 653
202 946
591 188
888 173
135 426
764 576
730 592
552 644
76 578
439 976
578 924
392 513
814 516
197 526
94 874
954 907
444 953
138 252
533 471
879 87
725 957
372 651
157 33
217 718
428 523
683 473
602 219
454 636
510 904
351 396
337 566
341 166
415 867
786 885
844 3
649 59
958 15
83 979
7 705
578 669
809 829
113 152
991 205
464 590
999 758
326 356
701 993
61 9
762 886
412 341
605 716
438 733
616 495
14 304
942 332
838 493
951 646
74 242
31 830
719 410
5 773
518 787
278 84
672 687
857 741
658 910
454 373
371 441
162 612
511 509
975 34
633 63
392 993
546 734
577 387
508 597
126 28
932 471
438 136
10 387
543 255
818 298
893 870
968 387
396 660
36 371
408 250
798 459
357 185
175 776
150 606
86 600
177 668
231 545
513 218
110 338
238 263
385 335
688 96
279 943
944 654
547 935
76 501
938 488
974 298
707 173
56 889
366 698
294 279
544 542
119 294
601 547
697 240
665 594
995 503
405 727
872 10
981 680
457 905
397 615
501 531
446 396
13 599
308 437
660 706
131 404
294 64
243 664
543 887
982 445
431 425
895 628
401 142
347 758
900 96
4 61
887 496
924 126
484 549
782 68
644 109
404 805
576 939
244 713
43 622
445 462
672 126
710 474
913 132
992 667
380 32
743 614
726 656
336 754
396 740
749 786
443 834
727 978
785 211
415 296
953 913
843 293
790 710
351 602
572 108
831 993
983 682
32 729
92 457
555 995
137 862
50 981
604 300
811 546
33 440
24 712
41 686
650 516
980 479
73 319
399 619
715 858
220 468
976 602
595 128
784 337
769 35
842 555
236 846
79 384
157 342
638 945
375 277
129 829
299 237
431 920
732 349
932 911
661 215
793 455
708 214
643 391
569 360
595 837
38 933
190 115
122 909
801 62
820 206
380 325
971 362
292 260
114 281
872 245
489 413
624 598
470 306
454 983
971 251
921 930
566 536
649 220
902 766
961 82
389 985
383 842
270 612
821 966
680 742
37 87
38 496
938 802
226 112
578 221
501 186
973 796
903 837
835 839
486 689
624 18
58 920
848 714
297 340
663 931
710 224
676 336
948 541
936 61
754 796
775 540
705 480
779 601
395 848
417 760
325 31
438 854
224 238
672 582
305 35
820 562
892 647
513 503
141 526
749 825
36 292
497 792
495 129
888 35
764 718
601 485
358 443
897 961
770 369
607 828
205 300
333 247
679 547
410 576
784 445
738 125
521 635
506 908
31 257
219 97
484 212
410 866
287 568
254 549
458 890
441 904
189 762
357 292
697 989
660 53
654 295
699 537
183 840
479 849
561 536
545 499
787 426
863 734
317 263
688 485
686 880
446 501
365 251
57 826
354 268
373 528
320 388
981 977
786 161
808 633
825 317
240 363
41 366
294 904
473 285
857 204
360 532
217 173
952 184
769 774
886 833
968 524
990 931
442 765
424 384
903 792
118 110
209 834
670 721
13 210
605 536
201 882
330 86
757 845
300 642
657 629
844 563
45 722
390 857
356 917
486 812
268 888
54 544
135 353
451 552
3 226
995 566
482 607
690 24
339 58
508 707
534 233
90 30
421 544
410 275
676 42
399 653
382 79
331 831
580 398
292 930
6 880
764 722
301 812
414 469
515 394
702 776
594 113
561 344
335 637
104 765
413 771
936 740
205 417
87 93
384 934
665 347
205 50
12 929
125 891
769 309
578 703
800 621
618 684
86 910
548 695
592 783
4 661
906 514
280 405
815 687
756 293
801 117
105 384
311 93
933 528
511 612
864 723
151 567
796 264
981 772
630 533
192 699
88 892
217 24
754 273
259 287
655 485
735 203
645 223
5 688
687 820
691 433
532 812
94 80
192 968
156 851
748 213
404 725
451 301
540 201
447 785
870 966
340 423
495 517
539 3
723 862
649 583
580 701
902 632
452 712
144 9
550 641
562 115
625 721
511 508
793 829
870 829
512 979
180 833
515 200
129 389
149 970
555 646
430 989
694 382
921 18
998 32
505 909
396 612
898 266
867 987
462 477
103 533
659 755
863 883
384 19
137 624
978 838
521 583
828 837
557 257
529 523
212 790
546 242
734 887
589 176
244 288
845 6
630 804
738 950
635 990
191 148
181 910
57 144
535 675
256 779
584 671
122 917
668 295
834 987
565 89
397 759
827 663
385 955
815 417
587 270
459 915
738 700
815 278
981 122
217 229
870 715
761 480
388 300
839 253
201 697
353 342
795 123
201 685
448 78
607 246
793 590
373 908
399 950
827 955
353 48
944 637
836 571
396 452
969 414
791 205
940 521
61 464
779 653
307 648
598 697
512 768
641 684
522 530
183 61
6 542
79 252
597 639
422 814
405 84
337 262
311 458
984 539
859 665
452 81
270 481
81 889
71 272
747 460
200 153
453 585
310 194
689 574
689 459
893 107
713 477
785 824
346 286
73 638
21 262
404 498
794 518
617 121
622 394
366 68
168 981
998 441
882 222
423 148
261 201
377 990
472 966
570 771
845 443
497 21
80 251
150 935
69 897
820 207
824 138
124 861
902 989
282 762
69 786
450 820
915 418
352 778
930 637
736 992
660 598
914 169
944 881
536 75
226 113
83 744
446 538
87 796
273 192
235 197
853 472
564 444
417 925
292 459
153 907
335 439
286 745
396 25
309 776
610 461
577 316
197 20
95 27
550 713
245 343
136 949
448 999
542 394
192 508
15 888
503 58
988 144
491 584
292 911
794 457
44 216
617 682
219 834
475 252
208 465
116 250
244 311
685 273
551 632
383 940
580 216
105 248
569 681
898 605
516 924
105 591
849 233
498 25
831 297
337 925
48 564
674 500
158 157
57 494
384 842
284 723
285 6
306 414
272 927
916 408
42 269
206 568
225 243
455 105
557 619
887 228
268 974
281 943
937 393
241 52
494 486
616 72
394 736
930 558
412 71
551 482
865 895
76 805
864 399
835 631
284 151
530 155
625 31
23 879
39 607
749 438
622 828
308 652
222 78
729 186
523 632
822 873
109 936
169 846
791 934
357 860
1 570
365 358
992 112
729 340
783 691
89 829
168 164
645 702
591 946
583 486
895 464
864 364
681 362
311 35
918 9
75 113
766 98
118 555
49 496
68 276
414 312
476 17
480 468
871 776
796 732
68 187
935 607
112 687
205 382
81 816
462 87
101 317
376 788
343 464
534 443
618 51
577 836
814 667
746 181
915 576
309 337
845 831
42 572
495 122
542 865
618 395
11 235
566 123
676 751
716 556
73 566
76 467
868 887
405 991
711 747
267 978
823 761
901 287
411 527
882 722
507 422
454 739
971 471
861 562
925 619
321 318
194 36
608 26
548 775
191 337
468 682
621 284
531 972
518 545
133 232
706 58
85 175
514 873
218 448
679 333
807 792
611 363
683 790
223 81
795 880
722 816
942 513
529 691
174 623
321 969
32 132
629 465
955 322
386 647
249 287
378 125
879 409
458 53
313 782
23 463
207 402
754 536
951 531
936 472
899 236
876 875
79 852
435 396
18 732
607 67
369 688
5 994
672 673
340 279
412 996
236 672
202 272
519 973
791 168
685 485
525 124
969 114
590 610
956 344
150 131
980 342
253 788
405 63
651 315
871 544
15 944
454 433
144 327
921 17
996 627
577 951
45 249
586 943
551 691
608 107
355 489
721 716
812 157
560 206
780 963
431 785
362 670
203 670
632 208
587 884
664 203
773 407
332 841
719 623
354 753
321 504
319 93
614 692
879 117
648 607
774 3
618 641
769 641
637 781
371 563
85 353
199 281
40 702
497 505
260 419
703 153
887 172
377 547
798 679
969 871
943 351
502 997
907 797
346 657
50 216
916 175
98 206
298 284
687 858
752 351
829 945
297 92
43 608
463 875
924 495
268 331
701 251
47 473
433 285
622 615
753 724
607 241
918 356
938 622
45 648
246 704
191 926
250 326
396 118
681 384
832 20
795 408
249 902
567 948
794 208
867 570
80 920
979 84
44 324
92 459
50 171
331 873
560 573
153 121
390 382
693 895
620 945
396 299
434 626
571 159
699 450
791 402
850 170
577 994
580 455
654 670
91 306
499 25
104 679
216 993
968 48
842 553
310 195
132 743
43 452
392 588
414 189
331 979
455 165
167 991
538 657
7 822
923 937
418 275
845 88
132 517
462 728
218 68
56 791
219 293
313 168
132 404
467 863
935 56
100 247
857 468
927 660
15 110
322 250
819 552
282 763
94 421
714 710
397 282
966 329
878 429
602 435
565 301
531 117
271 438
972 225
590 741
39 698
957 147
333 857
47 159
530 199
605 641
553 382
333 810
834 369
360 728
415 744
622 656
917 886
867 788
31 38
762 31
688 918
753 752
844 521
277 632
259 133
460 770
591 933
748 429
413 940
239 714
311 169
611 895
960 165
690 114
984 299
725 467
452 769
182 446
555 944
348 978
3 281
207 25
965 77
805 916
864 304
508 415
77 398
432 59
417 329
236 794
951 140
488 829
600 520
979 799
230 969
885 553
190 465
746 225
414 153
971 716
533 77
918 537
154 762
431 958
127 339
775 52
347 372
483 148
178 762
659 377
873 941
32 411
747 900
912 580
460 275
229 602
234 336
237 447
97 724
276 732
179 506
700 552
683 954
888 824
579 637
454 211
148 986
331 356
495 395
210 623
33 208
247 904
583 50
753 771
630 203
541 602
726 734
585 986
602 600
487 238
587 132
623 834
903 568
889 428
984 408
219 741
808 70
993 478
562 77
267 299
171 919
690 489
666 614
822 682
744 493
624 994
628 412
331 910
116 168
538 731
767 203
157 506
436 567
953 395
903 13
926 438
90 958
438 423
422 593
224 712
45 438
467 177
747 548
125 136
822 22
710 159
312 347
522 242
850 807
82 701
390 130
859 109
900 742
811 144
993 725
715 375
195 375
237 240
461 366
189 397
930 186
506 755
234 802
754 45
994 540
852 674
696 910
826 529
668 332
282 563
119 18
506 469
256 686
442 957
709 793
981 100
697 661
334 886
170 767
557 897
227 482
821 473
485 934
549 817
878 583
219 705
709 571
423 182
823 355
623 753
918 345
356 804
430 39
617 377
208 401
718 698
455 560
538 292
957 302
905 723
106 802
657 434
152 688
736 469
903 429
207 32
118 645
619 96
582 116
562 113
187 28
261 893
906 610
634 367
967 404
400 835
974 877
64 752
410 484
987 482
349 657
560 880
194 722
405 418
769 196
861 374
777 753
334 238
462 291
935 246
366 831
992 378
779 188
285 427
531 559
679 161
916 115
115 362
445 549
51 658
786 547
399 212
699 978
625 586
18 159
449 339
376 749
843 559
110 34
60 819
669 103
859 281
648 958
407 463
523 494
281 975
156 205
284 58
820 100
783 16
332 270
281 29
853 220
468 830
677 398
187 926
504 522
344 115
472 40
624 922
400 340
255 500
494 872
45 630
227 367
439 258
463 136
109 512
810 549
724 35
710 10
70 245
589 859
933 313
647 901
225 124
505 965
210 1000
892 984
567 804
428 43
421 998
248 58
429 411
358 3
819 559
224 35
187 169
79 367
409 919
104 537
253 168
129 16
918 784
390 409
51 931
675 61
787 599
571 124
202 969
828 517
402 288
592 540
908 637
778 129
727 230
215 50
695 324
129 931
981 631
727 87
820 939
949 201
971 513
342 981
705 637
206 546
65 990
82 532
393 71
195 335
555 223
934 169
189 218
282 760
377 574
189 776
677 465
21 809
789 95
247 129
624 728
986 787
990 827
762 826
855 567
697 717
554 206
259 486
597 108
360 724
691 491
415 748
861 935
515 703
537 785
452 378
153 536
100 667
619 893
856 89
605 418
978 532
876 251
22 165
466 467
361 703
453 682
126 377
589 895
791 211
995 620
836 936
249 786
802 520
236 632
314 990
137 895
676 896
617 680
138 275
49 180
512 524
959 762
902 337
25 131
962 740
487 623
769 12
589 387
132 708
902 480
586 631
200 262
76 425
167 962
522 223
635 698
962 390
798 32
900 501
219 403
784 377
65 521
446 158
564 485
603 9
74 809
660 48
167 32
405 667
445 990
86 976
103 914
397 603
146 349
682 827
132 280
117 966
190 18
854 469
321 114
881 698
786 156
346 679
431 568
13 429
781 407
449 214
878 313
717 581
577 210
763 139
892 493
458 31
724 278
173 632
465 517
122 96
89 281
587 54
92 584
830 926
446 903
430 8
287 385
198 100
577 365
780 262
448 807
254 351
680 114
780 401
150 10
652 200
214 953
736 441
58 669
478 534
870 788
796 687
840 455
608 867
727 618
874 234
927 100
21 233
813 125
551 649
459 213
292 572
186 27
370 268
944 67
768 817
327 958
864 170
24 33
561 206
465 177
85 760
146 524
60 970
6 32
842 284
135 324
449 709
980 871
163 519
683 332
137 416
212 876
603 21
401 491
518 30
47 530
449 487
105 389
432 755
587 569
536 201
80 197
796 267
468 692
341 162
658 292
877 944
473 26
990 721
916 668
596 680
217 29
489 768
479 473
78 882
283 134
212 288
798 619
751 585
38 428
813 874
157 580
227 485
523 816
411 250
624 895
537 856
60 195
745 989
523 897
653 931
31 979
141 143
786 324
13 933
939 878
482 911
339 106
841 300
572 68
538 340
171 869
871 232
687 373
266 563
201 222
628 723
40 348
262 463
466 42
966 359
434 588
438 140
774 554
611 660
751 438
408 335
11 986
693 650
859 702
975 339
432 220
383 512
98 912
90 992
1 113
940 100
44 49
176 249
345 726
381 144
239 54
612 572
224 725
958 512
405 896
924 656
962 607
674 459
842 789
259 787
332 843
284 742
164 924
954 794
578 155
816 791
199 394
788 165
960 834
265 538
708 924
985 305
660 863
761 738
312 965
510 936
652 927
947 749
771 232
9 441
575 477
578 467
890 481
891 24
435 46
575 290
557 851
356 532
375 280
602 332
549 835
753 1000
825 491
630 278
633 562
182 774
834 363
88 121
783 422
877 327
109 989
807 540
296 134
83 702
286 865
767 360
783 471
255 68
684 844
991 336
350 360
64 17
780 383
766 592
503 666
970 93
883 724
465 531
946 34
936 212
779 654
378 595
883 498
240 592
488 55
73 432
400 672
385 404
850 168
798 408
626 643
418 988
515 438
774 417
962 641
431 838
271 681
533 198
435 983
777 748
462 316
745 160
358 765
909 707
788 113
550 287
309 407
935 327
955 397
287 576
901 708
25 625
543 275
525 772
160 984
513 964
73 861
916 391
924 922
673 158
838 816
824 286
720 159
497 10
226 712
885 919
851 795
982 243
730 72
696 984
242 810
518 369
7 756
428 847
72 576
895 647
933 934
881 125
455 38
836 728
226 810
759 116
118 356
156 65
247 699
588 568
838 122
465 540
670 622
123 271
828 901
364 115
739 73
922 683
873 821
924 461
800 195
855 679
866 92
368 614
619 892
601 409
395 630
969 349
59 453
334 585
473 584
766 588
657 488
366 976
766 735
415 409
149 813
171 941
429 109
893 712
703 60
433 106
417 621
624 323
589 719
680 181
275 891
222 572
153 91
372 73
615 907
949 711
183 179
276 279
828 708
791 432
262 294
448 664
106 428
970 565
120 256
194 539
780 822
840 25
567 94
346 334
883 157
189 788
315 729
121 666
42 726
318 889
392 505
689 325
55 874
845 122
721 266
669 268
603 8
109 319
806 623
682 937
111 273
952 495
346 898
60 756
462 980
358 252
290 605
973 504
665 959
100 868
360 905
90 318
471 911
174 460
132 63
248 874
856 361
161 601
863 46
443 563
333 891
887 436
563 354
47 189
801 425
235 821
406 276
156 762
966 207
658 788
348 658
221 412
404 684
739 323
351 521
979 304
227 567
178 497
92 367
746 764
676 199
612 980
715 683
188 809
548 25
825 389
323 796
614 270
335 859
788 735
880 345
766 36
680 475
20 816
846 508
224 859
476 652
723 371
673 538
22 512
932 749
349 941
280 76
53 285
211 564
473 824
198 942
424 403
328 888
385 407
224 697
233 829
306 947
475 872
168 912
577 595
33 118
256 275
19 799
87 750
933 540
244 298
612 93
743 949
359 411
691 614
484 808
420 963
489 886
329 745
517 238
132 140
761 750
602 454
569 247
200 846
921 926
60 510
846 709
423 524
763 57
951 846
971 20
832 510
762 883
801 437
913 147
787 902
593 939
207 415
889 364
182 784
781 156
382 979
348 711
59 412
294 741
26 335
265 993
639 265
663 9
973 945
27 811
102 429
522 511
675 711
572 69
990 332
443 27
796 541
286 439
785 276
862 266
554 731
224 170
758 939
204 577
249 713
875 909
242 514
544 884
184 547
802 928
548 491
364 362
774 442
816 204
291 266
112 861
702 808
812 152
760 921
837 763
272 685
869 170
360 502
346 169
163 597
493 326
440 302
685 840
869 59
727 77
967 610
803 645
592 848
208 73
190 201
353 10
454 706
648 977
355 923
165 773
468 602
507 52
289 377
933 560
290 530
77 762
869 366
731 325
790 778
256 541
147 195
902 900
942 945
35 887
91 595
420 955
666 959
848 822
631 85
504 175
818 722
88 971
913 238
697 817
165 73
834 411
528 594
896 982
87 997
74 4
862 53
231 35
538 407
222 148
292 670
503 661
114 104
643 48
202 416
224 360
367 942
247 656
430 176
13 504
452 808
753 555
992 877
535 87
225 961
797 481
328 357
201 249
393 957
361 483
701 557
854 801
249 598
33 513
241 742
684 288
893 341
730 610
12 485
896 304
879 327
850 971
614 48
674 381
582 530
90 884
785 828
659 384
303 344
318 303
194 841
320 955
485 326
806 576
38 990
742 950
433 912
195 305
715 514
53 179
346 943
832 769
78 542
63 462
484 785
160 167
696 985
143 422
683 181
9 902
483 91
551 477
473 81
769 908
977 545
62 157
799 972
484 631
17 268
934 81
848 786
170 290
286 928
269 174
217 197
329 387
882 753
723 325
464 922
411 165
31 628
583 75
749 351
108 105
361 899
362 492
89 684
832 196
175 282
801 863
164 9
956 61
47 809
409 166
983 724
732 980
839 912
219 523
435 630
516 437
6 623
830 685
176 838
818 141
358 82
710 903
487 314
895 393
240 637
387 520
135 158
370 407
991 779
595 50
909 559
101 261
102 38
305 256
918 818
893 922
717 332
292 617
298 746
560 137
48 509
289 997
551 965
733 994
737 487
519 107
544 893
262 976
907 269
772 901
119 372
484 983
547 755
751 115
384 765
726 311
51 637
511 591
243 569
706 163
816 687
969 519
640 349
180 14
553 556
517 137
39 373
344 271
937 286
77 531
668 154
959 949
674 551
948 186
660 630
809 852
402 290
520 385
888 827
635 454
981 141
838 729
325 954
336 762
425 981
256 995
41 115
938 771
616 505
230 617
554 819
22 869
783 526
363 25
572 307
737 633
349 198
477 49
66 744
250 381
314 670
278 61
378 537
73 109
19 915
899 253
942 135
927 465
828 205
861 77
310 509
41 133
336 600
784 240
362 900
770 447
755 871
757 317
261 568
561 482
76 493
528 245
987 264
146 872
127 533
2 708
244 279
944 69
988 918
147 430
591 299
115 482
133 655
320 906
561 204
841 430
821 306
974 72
823 836
459 465
665 350
3 835
560 4
264 705
301 602
216 762
877 763
270 475
146 669
584 424
755 163
462 535
29 112
926 230
39 173
660 982
132 367
726 339
673 69
322 109
934 300
493 20
32 442
415 873
532 383
665 922
706 54
264 29
781 552
583 860
877 63
131 463
167 437
631 112
748 812
964 881
288 242
551 275
645 600
317 121
196 894
530 10
300 716
931 626
108 177
273 140
221 334
645 508
932 239
727 964
531 509
92 733
273 285
202 397
365 687
97 177
745 765
725 559
20 267
303 649
533 748
438 864
365 832
952 480
687 375
230 454
488 737
250 512
979 506
70 287
420 314
300 784
139 146
747 185
162 597
568 852
828 286
496 799
515 543
966 756
111 807
793 34
438 782
64 610
432 198
250 853
36 456
516 818
77 292
121 351
902 287
319 379
63 870
284 625
82 668
360 6
33 416
472 576
788 48
609 597
519 192
246 566
816 777
356 210
693 253
307 942
273 514
612 483
375 71
765 731
865 985
57 772
298 230
393 266
725 358
655 38
514 982
712 989
203 175
78 733
855 959
491 360
593 756
740 365
388 410
562 637
100 908
283 100
800 74
503 449
485 886
677 284
164 417
959 594
395 767
714 787
679 595
740 579
942 259
378 780
568 308
363 80
625 261
37 159
369 860
558 979
960 46
245 92
317 895
46 167
947 216
732 578
511 185
588 980
461 596
529 911
631 664
64 386
282 121
447 897
567 944
40 427
538 182
649 759
524 965
40 188
413 642
468 467
948 805
622 543
292 769
19 971
598 813
940 741
766 387
92 118
336 544
980 485
361 115
569 950
896 386
491 752
152 976
99 771
81 892
215 233
757 550
880 736
3 765
660 409
7 157
450 474
15 694
327 896
755 125
442 995
595 996
851 590
391 659
72 295
264 665
891 506
506 596
233 756
389 15
137 636
912 948
379 191
74 899
381 517
272 967
586 996
333 738
560 298
321 869
123 178
734 630
950 595
702 144
311 619
579 871
7 758
345 29
94 352
484 298
291 541
744 821
193 81
549 660
717 606
136 495
190 806
718 932
259 491
544 107
799 749
726 839
291 986
457 294
923 64
762 27
88 198
970 236
827 621
98 419
995 691
341 629
951 708
553 173
239 726
149 698
795 376
338 261
452 552
608 747
571 465
872 816
154 147
620 770
843 169
658 611
352 24
87 12
931 70
714 864
737 171
276 273
483 847
279 670
618 254
732 443
943 759
513 378
487 539
823 93
715 892
721 767
557 17
171 730
358 268
197 898
916 208
898 423
132 711
874 513
890 897
449 589
309 29
399 363
458 789
828 923
208 244
255 603
12 744
272 773
773 491
26 558
835 62
394 419
678 600
860 411
61 570
506 731
432 714
159 649
354 407
188 166
109 95
130 996
596 214
21 985
26 693
857 643
981 987
994 950
416 941
40 521
520 776
445 46
908 650
1 607
285 581
126 845
696 212
293 74
514 672
292 310
83 651
592 387
705 164
514 450
398 553
607 309
934 943
953 979
382 151
516 283
828 21
927 323
361 664
987 764
541 836
608 759
680 4
111 556
467 801
478 533
82 226
245 310
784 98
440 984
556 510
495 818
296 668
429 480
31 60
435 883
352 147
846 974
957 970
649 434
12 479
16 922
883 202
634 326
381 137
145 746
765 99
802 239
786 680
987 41
826 217
167 995
449 730
547 669
663 268
313 123
426 186
445 910
655 815
416 380
894 571
668 268
741 172
438 214
142 769
843 660
381 717
455 202
259 615
521 152
673 482
829 714
718 451
673 422
341 16
886 820
668 255
523 676
673 389
969 936
821 919
153 9
776 8
236 196
635 485
768 517
784 627
42 845
454 51
390 843
778 845
546 621
412 707
830 8
143 605
992 613
535 367
314 593
62 519
224 334
26 252
412 993
197 117
881 61
680 81
793 662
609 400
171 870
334 310
226 391
504 29
547 387
123 885
905 945
283 997
49 166
968 315
328 218
295 526
867 739
906 753
286 343
234 172
146 826
1 197
935 638
334 67
872 550
998 952
968 25
16 902
471 190
29 640
984 803
279 741
362 667
560 82
337 79
409 586
899 827
835 105
251 894
397 958
471 269
333 364
526 613
194 146
176 425
985 645
821 55
659 324
823 585
147 24
989 865
994 589
721 131
207 904
78 512
850 553
835 135
13 767
678 755
551 67
128 930
434 487
911 75
347 54
517 192
16 844
354 35
777 403
887 88
344 456
515 547
854 242
89 436
394 32
291 592
933 225
350 77
540 5
482 221
69 491
127 293
368 220
369 629
297 208
409 430
31 547
602 621
487 221
899 207
115 722
204 641
889 372
214 620
623 902
738 236
791 90
634 429
880 60
230 272
624 203
608 704
936 215
443 57
157 747
412 884
444 906
794 76
483 965
706 784
395 11
286 855
207 297
756 158
352 236
686 193
615 101
673 742
140 733
241 740
572 824
167 756
349 753
37 307
461 919
387 972
660 170
31 389
932 720
220 322
239 230
441 155
802 49
742 251
165 858
393 792
159 481
362 767
399 278
242 921
542 162
64 877
903 732
513 936
530 657
12 696
315 924
281 540
693 175
180 278
623 34
384 787
834 791
755 498
74 896
819 501
463 207
898 772
574 845
226 711
8 366
281 830
946 716
484 787
433 999
489 931
330 633
829 641
962 98
857 328
160 40
569 188
487 970
186 884
354 210
562 911
339 634
892 342
144 636
951 771
496 47
408 897
939 495
840 900
877 151
736 853
75 229
259 490
226 11
10 989
50 477
857 923
92 608
572 442
938 700
80 716
482 848
767 675
572 297
221 437
739 296
408 718
559 29
157 941
822 929
477 92
5 805
600 209
504 230
826 543
187 491
875 966
676 61
222 935
562 132
84 704
515 64
861 408
187 201
813 21
468 454
177 499
823 92
914 920
440 539
884 94
840 28
937 934
699 195
441 183
615 979
582 636
224 656
333 466
461 157
524 445
841 519
728 83
147 370
171 8
925 191
907 668
690 868
431 554
17 930
593 119
740 226
479 862
635 924
897 768
907 749
910 700
18 268
557 613
464 316
584 733
694 646
109 94
825 213
518 336
830 70
492 249
130 916
973 582
958 490
504 727
446 734
748 970
485 828
472 117
347 823
574 218
654 82
913 180
553 349
956 782
633 751
257 63
508 901
279 136
9 636
504 804
969 382
731 843
334 680
121 29
946 22
819 476
154 929
890 750
334 731
170 856
410 235
840 636
950 926
954 492
19 917
965 359
173 56
600 348
853 566
432 510
879 554
1 335
993 179
477 322
900 777
410 397
619 409
783 972
715 906
667 526
884 3
957 969
945 897
837 371
784 257
421 111
326 760
37 891
60 417
356 623
300 483
428 168
11 144
766 186
419 439
148 95
208 322
284 623
676 533
552 539
935 264
846 157
258 636
560 6
163 523
115 258
798 915
780 650
893 271
863 587
935 110
249 275
812 763
725 566
601 632
894 907
223 185
668 474
360 660
337 558
526 936
899 534
886 922
9 988
123 490
895 600
15 210
878 366
292 313
458 349
122 174
52 853
71 27
952 859
169 23
723 664
133 500
502 189
952 970
772 221
630 185
960 341
455 670
3 41
10 887
346 235
448 232
865 886
273 275
311 383
49 308
137 745
31 876
736 640
606 976
74 193
873 23
795 291
637 934
339 223
231 917
982 823
876 334
126 181
537 664
684 537
921 249
336 42
923 391
504 397
513 391
749 873
851 233
599 607
893 231
125 861
54 67
955 244
498 377
315 661
561 157
836 17
242 882
595 970
7 200
324 348
534 699
422 705
738 990
447 150
765 503
532 72
350 615
721 113
719 538
323 301
590 365
304 398
595 665
725 714
754 74
111 443
796 363
464 260
393 264
433 843
434 484
569 167
887 91
579 794
25 359
946 523
806 625
142 60
330 804
517 80
37 258
833 155
504 527
691 357
622 783
921 744
226 100
136 324
981 244
14 357
142 350
937 118
41 73
278 302
226 215
100 748
809 284
434 40
201 819
949 108
965 817
433 903
50 143
738 237
956 20
206 431
503 775
953 778
847 475
540 458
652 140
182 327
844 848
538 39
637 454
357 995
183 171
441 440
945 120
379 644
859 670
396 688
639 5
543 104
840 225
876 441
993 965
133 692
745 164
817 279
621 777
676 734
916 173
119 508
838 207
319 238
566 37
695 323
104 986
531 703
648 609
756 706
229 846
912 950
341 772
124 116
198 663
260 510
336 140
9 58
851 799
601 944
229 991
930 402
470 475
455 141
310 457
276 512
354 352
482 301
70 517
523 575
506 423
204 967
263 377
371 205
127 506
131 265
973 562
579 903
395 652
89 407
587 432
199 942
771 313
852 820
265 604
286 822
639 492
342 594
610 226
938 701
373 120
818 983
925 977
196 967
605 445
680 780
170 978
300 549
763 433
983 905
148 657
274 948
810 514
206 395
432 324
710 107
589 890
511 300
633 14
980 293
13 362
789 505
438 217
810 804
173 100
11 905
14 49
58 484
153 456
981 99
300 105
533 660
291 374
922 444
394 117
713 273
793 137
561 165
121 670
812 498
940 191
544 880
651 948
214 316
567 376
169 749
651 773
856 817
375 235
198 864
143 225
733 641
717 60
954 734
865 557
261 22
282 978
543 640
877 822
678 681
492 468
542 456
602 127
473 1
427 41
700 960
534 828
665 899
134 590
623 360
434 428
659 93
290 968
683 803
756 875
960 684
133 270
448 368
708 758
715 146
697 643
312 735
187 989
795 794
208 592
835 525
305 554
360 683
894 286
259 457
777 599
657 563
161 959
239 790
350 405
903 673
120 646
248 443
174 935
587 186
511 226
278 65
117 39
249 983
305 869
896 768
644 722
850 443
758 208
420 174
858 990
231 112
948 872
474 935
224 130
866 817
542 684
20 734
149 958
281 590
197 834
823 50
220 485
577 940
488 821
551 644
609 499
521 881
833 935
372 335
634 934
229 450
637 453
469 615
788 313
850 910
48 412
875 223
738 827
82 695
673 888
716 698
955 550
828 808
371 687
211 790
584 284
971 460
613 927
480 885
156 368
358 874
588 339
238 172
276 585
817 795
527 400
105 537
144 679
57 862
705 316
830 99
355 65
728 485
507 403
968 744
810 247
60 506
578 123
282 940
800 33
13 780
530 246
752 298
825 466
705 100
759 169
653 764
583 127
397 62
182 828
853 405
302 133
746 134
92 553
681 28
114 797
62 517
161 820
2 240
836 719
763 633
344 985
400 923
454 354
240 730
701 803
615 925
799 362
69 73
876 335
83 113
399 888
550 520
3 343
558 7
266 911
49 21
12 159
470 679
847 239
281 202
357 863
586 839
55 392
862 552
922 325
337 163
45 242
230 182
825 142
362 886
702 812
812 148
935 170
832 634
135 385
543 4
72 447
845 220
811 980
694 3
590 80
439 700
78 356
760 891
176 476
927 923
161 104
768 48
346 36
254 613
593 45
584 312
932 882
973 346
977 799
393 190
643 858
119 41
39 425
711 878
83 777
834 979
797 221
449 119
602 55
167 453
8 82
445 227
319 542
345 20
193 43
146 211
853 56
269 493
246 371
737 599
221 318
972 474
369 619
46 321
602 619
732 686
531 429
291 944
352 674
548 131
179 839
878 839
239 703
735 858
61 375
641 523
121 325
50 891
182 324
442 241
336 916
334 387
318 772
45 52
490 133
276 376
404 821
758 570
45 69
379 647
305 280
234 142
572 826
885 429
928 790
177 294
673 966
121 641
985 852
948 354
875 536
513 61
642 987
752 291
699 790
522 293
246 887
119 511
580 115
391 652
108 876
34 907
496 908
186 318
786 513
935 416
795 757
834 789
503 98
622 236
694 777
881 278
990 624
972 939
755 269
39 508
830 473
372 891
365 14
555 98
243 718
66 173
347 700
477 613
406 547
105 866
469 129
491 329
56 346
522 603
27 171
464 527
378 77
655 293
342 992
623 593
202 159
754 416
576 896
2 605
415 721
740 610
524 567
875 269
216 832
550 487
524 646
72 666
427 968
196 599
737 861
790 193
280 522
782 613
514 287
326 865
150 211
872 819
373 266
379 837
552 485
774 612
850 246
300 219
429 505
36 301
310 388
42 814
666 228
324 701
55 496
112 778
529 757
732 20
128 138
366 782
556 202
977 411
264 602
845 77
360 419
993 332
362 721
718 82
993 593
445 758
63 187
779 250
621 637
214 317
252 224
591 625
725 943
872 429
543 754
674 127
401 513
916 416
603 188
489 524
588 296
830 501
669 41
55 625
123 83
553 528
534 829
359 532
569 222
455 1
882 815
1000 702
692 28
427 246
821 944
770 674
74 279
865 736
222 423
633 636
5 323
722 983
107 870
384 820
70 875
880 419
49 556
909 446
287 248
478 395
198 207
623 730
813 546
264 417
413 764
363 29
571 528
533 358
257 829
711 984
11 633
654 285
914 566
952 765
865 172
314 666
757 118
885 33
614 545
923 268
12 101
378 549
352 72
339 178
824 978
292 836
521 918
22 421
794 386
957 598
541 919
858 969
966 652
241 721
602 801
194 713
528 233
451 202
586 947
495 975
149 159
557 114
813 136
45 286
928 862
603 732
197 611
609 355
238 839
881 611
661 165
81 91
617 57
104 900
487 879
541 44
850 689
135 837
565 938
52 34
492 426
721 164
674 819
191 200
858 87
881 478
700 886
679 199
833 403
449 106
912 782
967 808
803 859
19 168
649 33
464 681
530 356
89 44
752 476
679 325
223 89
575 308
998 901
303 81
450 743
312 764
804 318
419 181
706 327
605 627
45 668
230 664
123 552
680 965
862 493
20 845
460 833
67 781
588 581
832 959
563 769
448 643
714 447
457 174
315 88
86 287
148 424
955 40
24 758
483 827
103 302
602 355
556 364
775 914
814 844
998 217
49 246
585 388
290 248
8 825
660 413
210 323
266 113
586 550
903 44
479 621
264 530
211 983
141 896
471 409
368 934
377 856
87 233
381 396
916 489
901 379
389 23
172 937
289 131
646 193
5 199
744 63
69 916
160 144
831 435
407 452
209 453
303 279
34 552
588 199
458 492
187 806
994 682
653 573
895 638
26 539
464 548
284 215
105 790
435 165
588 933
203 385
539 299
667 286
761 495
249 195
151 433
506 210
786 384
960 344
516 41
754 524
957 105
840 841
714 878
17 214
588 651
331 303
240 793
629 337
259 145
540 294
680 929
308 866
663 40
987 648
514 312
589 852
93 5
280 606
942 80
874 266
857 632
36 187
685 338
46 500
187 174
193 485
618 134
466 155
999 263
475 235
591 201
511 680
30 187
747 455
538 406
635 311
222 151
756 447
849 363
613 274
543 326
651 61
824 599
493 404
438 319
150 739
390 178
871 559
270 484
773 499
367 252
189 748
392 338
636 315
546 47
431 531
986 422
219 317
778 490
946 888
213 343
200 606
882 38
939 181
189 462
691 564
998 656
527 346
285 859
109 119
716 417
394 305
807 232
631 278
152 528
172 691
674 941
249 993
236 332
787 231
160 772
957 171
687 774
763 228
711 124
967 22
625 251
678 79
679 482
260 828
807 574
701 23
739 476
353 137
766 999
602 588
804 256
52 557
329 224
166 541
230 672
668 420
940 599
239 545
575 768
541 656
391 265
653 118
822 599
935 844
662 908
330 365
361 305
115 894
171 560
816 427
465 275
282 379
694 396
396 711
589 602
741 623
713 134
333 653
951 132
594 131
776 972
923 879
85 892
820 705
819 814
370 710
148 70
422 557
688 83
358 659
640 233
323 737
237 994
148 53
404 415
99 513
266 408
747 705
877 976
608 265
882 360
20 239
920 949
666 20
601 752
376 701
108 992
838 911
551 806
863 592
461 508
483 156
714 649
484 931
838 790
17 560
90 486
934 261
76 21
78 639
953 701
89 166
452 622
282 551
917 346
274 67
847 770
248 880
375 297
251 359
382 735
881 236
170 259
202 532
514 903
286 897
565 442
566 877
914 130
532 565
528 829
40 811
100 727
377 430
14 291
198 204
491 82
455 695
203 294
192 21
549 103
182 624
484 510
934 931
520 883
659 121
922 939
724 499
173 275
378 691
880 785
917 628
316 381
580 722
396 389
589 796
2 12
44 407
562 212
121 380
875 935
414 289
162 710
509 253
177 501
556 506
993 176
6 991
443 211
119 866
852 381
310 97
686 252
733 216
305 295
289 698
771 542
719 892
462 397
803 433
822 127
37 969
533 155
323 20
647 401
467 961
360 47
603 509
604 850
915 809
78 441
417 950
669 234
392 362
29 75
869 311
622 314
939 566
648 571
811 25
631 440
977 817
741 168
462 907
34 658
165 492
592 904
874 853
246 713
428 894
939 525
383 206
536 895
442 978
688 522
856 732
433 701
146 90
844 389
186 811
628 456
632 855
598 124
138 694
144 583
181 628
679 469
558 734
942 633
912 444
415 539
241 888
625 131
2 428
75 174
98 5
445 272
376 994
416 538
37 230
889 487
176 598
139 602
467 185
256 935
179 877
515 903
398 521
844 585
629 493
140 64
509 447
273 417
2 97
996 951
945 375
249 336
457 173
934 681
791 272
724 245
410 381
638 343
633 848
658 679
897 869
970 661
955 43
349 376
422 907
64 615
746 15
193 901
107 571
788 360
720 622
862 953
802 156
361 180
508 189
457 745
422 629
851 441
176 335
659 618
426 228
488 64
401 575
163 552
973 199
995 403
578 665
704 836
765 357
677 707
894 603
454 708
567 483
195 417
133 17
336 163
281 806
47 575
888 357
554 289
94 510
630 732
665 968
951 756
964 700
825 274
274 120
100 826
708 697
59 292
273 944
113 177
477 688
166 632
562 630
341 417
643 395
682 431
424 435
886 135
691 407
451 922
378 934
848 586
832 335
564 433
653 879
585 521
323 635
491 26
478 292
960 35
282 211
781 11
875 176
514 390
329 84
847 457
600 249
585 875
876 286
643 71
383 382
559 347
136 899
559 325
799 328
951 413
883 507
474 990
335 872
192 490
761 837
107 761
1000 128
427 766
154 858
708 261
154 131
49 128
221 163
197 792
864 11
993 873
595 141
614 91
608 661
409 776
138 502
127 404
782 411
722 542
607 850
867 993
964 77
16 629
536 332
310 843
337 943
500 621
384 888
223 591
718 387
797 492
289 61
369 208
938 322
722 429
462 592
800 687
768 141
575 24
483 974
857 291
768 316
738 510
385 876
118 460
657 532
772 483
227 68
495 644
182 984
317 75
195 883
108 464
257 672
203 428
228 637
5 113
377 401
933 18
610 225
757 894
403 975
196 962
532 880
689 583
796 957
102 412
726 570
451 660
69 237
608 625
93 247
404 518
97 252
249 937
608 736
257 876
222 916
245 349
211 485
158 700
783 839
3 401
542 710
980 407
604 267
575 315
816 315
997 783
466 892
999 298
328 101
510 333
132 829
745 244
85 891
537 224
647 31
615 363
584 5
219 122
457 673
630 292
778 173
500 577
436 78
767 653
381 450
988 686
171 12
891 413
493 694
565 852
129 560
449 935
580 936
850 904
670 241
88 589
711 543
86 572
366 328
424 591
83 850
100 156
66 28
342 177
955 874
453 515
514 923
511 683
852 629
815 355
908 647
252 533
355 368
459 853
226 952
985 189
752 144
754 450
204 999
944 836
924 296
269 93
131 818
79 890
948 597
887 576
265 863
269 831
107 896
795 347
110 774
275 815
809 427
542 659
511 24
28 729
380 997
453 324
737 89
822 338
469 938
729 204
491 558
519 278
267 145
513 345
128 249
880 734
385 206
25 871
82 400
599 661
833 685
885 668
112 903
253 689
693 449
416 403
546 916
901 756
868 889
461 189
816 916
357 508
270 477
842 840
848 261
512 390
946 942
319 944
472 537
466 321
618 322
155 540
798 806
603 154
217 843
626 25
705 686
427 416
303 381
290 632
94 402
847 880
565 251
714 519
18 14
38 85
782 116
95 157
117 373
507 621
273 245
628 871
717 754
631 876
136 315
612 879
880 80
610 169
154 387
545 562
527 966
658 883
848 653
631 690
524 840
62 667
446 995
126 302
515 23
22 101
580 567
619 91
676 226
549 380
833 463
936 143
519 596
444 446
690 386
55 20
276 359
738 406
225 329
907 143
836 895
955 155
884 99
928 781
139 118
362 885
975 709
262 112
210 321
709 421
286 122
953 287
231 929
284 591
587 878
470 870
881 525
369 47
617 842
483 505
636 273
696 742
414 873
91 236
745 523
901 377
948 114
586 121
600 918
488 464
108 553
307 874
73 826
480 788
445 798
934 441
709 282
506 284
198 574
693 886
735 493
189 281
156 198
393 268
13 587
901 172
857 224
865 701
882 885
562 631
619 618
548 116
360 599
736 846
915 369
441 539
31 665
269 20
40 228
95 262
316 81
895 815
24 792
351 569
266 765
564 111
93 876
908 147
16 27
953 782
71 575
849 685
757 44
171 953
373 307
547 418
72 770
128 532
577 935
684 761
645 781
957 555
486 205
869 545
2 868
686 202
512 569
585 469
92 227
634 618
841 780
582 792
99 918
102 927
944 3
873 99
508 194
660 199
256 5
389 343
337 942
341 558
589 248
973 733
854 959
739 13
152 453
492 605
722 426
760 521
209 261
88 626
983 433
753 320
55 962
557 636
389 154
697 393
93 445
612 28
931 866
442 907
403 643
557 798
464 627
174 578
657 932
128 106
35 792
236 143
554 36
458 145
776 118
818 753
948 348
807 683
259 465
957 26
27 93
447 460
1000 611
736 729
387 437
52 501
566 929
761 235
852 22
102 413
139 613
931 641
895 80
54 592
308 832
41 843
64 484
429 212
505 278
931 878
415 385
455 896
222 917
895 438
188 908
228 673
944 370
432 422
729 656
324 220
733 168
367 350
629 887
22 271
760 250
102 985
432 53
861 260
275 609
974 221
120 264
574 615
793 141
10 161
752 920
312 329
924 530
828 768
760 694
191 64
820 912
177 946
53 111
608 506
954 730
4 677
669 181
782 460
285 140
858 126
108 625
713 849
924 838
19 32
536 246
322 179
553 182
811 477
693 134
688 608
535 482
711 316
809 716
143 229
320 271
230 774
471 312
303 190
89 70
751 572
565 950
153 673
902 726
35 645
865 598
114 610
813 910
351 851
620 408
148 851
644 952
106 458
222 196
853 366
191 843
72 749
514 476
198 93
457 85
719 405
277 418
960 108
61 599
467 12
50 220
927 339
532 900
301 493
505 306
213 737
396 391
415 399
371 345
742 376
162 708
823 153
516 551
410 406
396 741
756 211
296 529
417 355
200 77
560 221
906 825
884 302
318 652
450 284
806 673
675 283
59 752
389 431
742 791
552 943
113 847
440 393
956 379
413 426
329 951
823 611
347 426
938 283
557 563
225 970
725 561
321 267
745 504
830 404
194 426
948 71
223 53
762 665
249 458
782 202
587 286
859 469
769 973
772 420
15 150
77 560
320 363
799 909
618 852
861 708
700 710
41 455
529 298
717 753
938 750
886 40
335 338
263 841
951 612
365 535
143 968
115 621
11 614
636 741
279 393
865 658
178 284
73 50
3 347
166 773
410 379
528 42
309 631
168 425
645 970
278 685
470 901
225 449
239 200
243 13
392 603
200 248
534 717
112 932
629 577
595 977
228 814
154 649
764 1000
513 70
823 673
76 490
973 116
150 693
543 294
648 586
668 533
781 786
998 536
964 408
472 256
950 735
833 451
602 128
307 804
713 873
442 732
114 486
631 271
243 758
338 946
299 696
624 551
964 102
893 72
320 472
322 362
490 920
995 81
647 968
374 62
674 614
126 655
705 53
990 980
903 967
320 230
175 40
32 810
217 354
556 152
293 157
334 971
300 687
65 342
250 218
149 574
39 894
723 921
598 491
213 583
163 334
634 804
295 885
46 25
430 184
199 517
537 718
729 690
353 957
689 827
780 86
747 13
947 511
571 315
535 220
874 152
727 768
966 696
415 194
235 491
779 359
391 85
572 822
723 322
907 59
107 148
761 305
607 860
167 835
120 348
660 192
937 989
224 650
930 90
90 239
162 176
91 90
788 108
536 509
540 315
155 953
11 445
953 221
308 201
163 710
707 5
910 682
858 155
108 526
57 184
405 571
337 728
146 510
422 83
744 941
212 643
159 292
159 944
169 176
124 35
530 171
198 453
400 396
826 846
520 493
248 710
778 557
378 322
598 277
212 464
340 13
51 82
17 38
438 662
169 483
553 832
464 801
504 782
770 198
404 657
187 259
16 489
40 498
382 866
936 42
576 209
558 865
266 609
429 211
585 773
487 477
969 422
898 122
168 323
779 677
899 477
32 754
896 583
126 246
609 8
496 975
595 25
676 906
115 240
672 817
512 518
806 984
54 925
662 348
953 485
464 246
462 353
176 186
142 611
881 635
272 749
275 318
704 736
135 346
485 273
108 844
959 78
15 38
588 292
132 258
557 607
42 19
891 74
522 793
905 151
554 1
377 736
450 876
346 736
143 307
114 641
796 479
728 445
30 899
705 965
491 297
739 31
577 168
939 449
174 718
726 779
88 907
456 59
64 180
142 283
515 799
808 275
240 981
960 510
541 559
162 880
235 74
142 394
2 233
465 961
985 609
636 706
409 875
876 209
783 647
532 901
226 506
879 963
662 943
233 351
320 261
876 503
591 108
404 890
478 687
377 340
961 663
12 327
486 138
324 49
534 452
628 487
633 271
103 407
253 102
98 885
124 757
589 349
368 815
801 493
134 80
507 340
270 560
288 498
825 831
552 513
595 933
924 565
547 774
396 810
56 875
811 141
314 431
431 197
636 382
138 881
46 862
929 90
640 19
509 512
684 452
940 446
513 692
551 84
955 795
392 75
817 798
503 215
142 955
53 356
511 760
807 959
502 917
798 710
639 764
967 181
598 276
701 265
811 329
610 813
283 144
804 534
284 773
734 339
365 500
826 774
738 844
320 155
232 677
51 804
182 817
932 778
463 776
966 145
770 932
553 460
260 902
796 880
430 50
838 479
897 559
550 291
246 876
425 722
176 728
374 671
482 181
714 40
736 480
697 862
107 903
940 538
743 167
128 522
365 969
323 697
803 227
166 578
823 252
162 173
419 379
955 157
689 73
28 989
380 796
570 316
236 856
342 706
600 715
614 657
841 743
589 321
807 398
9 173
772 915
314 353
243 189
669 425
836 430
967 708
949 841
822 201
788 73
836 683
834 667
