1000 9884
46 779
485 297
474 26
631 712
831 250
691 943
837 917
489 575
381 633
668 389
81 357
542 506
191 232
588 736
656 928
800 868
13 585
847 854
904 130
800 979
51 347
52 896
293 442
421 117
69 202
193 254
604 971
866 223
227 267
924 483
231 499
781 103
297 492
880 495
23 487
300 680
10 671
411 321
797 401
967 332
145 413
782 739
35 442
645 617
153 811
260 521
136 567
232 812
344 954
258 502
576 101
280 674
124 889
70 371
334 267
720 912
831 75
353 813
852 321
12 184
106 47
77 414
957 922
745 396
619 75
158 865
414 399
314 35
333 197
996 539
614 94
337 130
253 46
772 884
901 62
532 180
855 305
162 94
271 800
958 161
828 911
204 340
612 681
632 359
940 352
798 66
102 639
432 599
507 397
56 803
259 902
26 903
389 119
930 478
422 449
816 700
952 76
720 24
617 416
568 156
455 24
113 193
757 680
919 393
186 895
960 582
647 926
835 390
970 419
956 754
648 163
423 719
463 930
486 577
179 27
821 829
753 898
524 605
875 371
485 995
934 500
9 585
448 167
235 97
257 583
259 241
981 924
690 151
605 296
975 202
105 649
136 979
357 944
862 715
335 841
62 947
528 115
875 844
180 782
590 721
701 584
907 201
357 146
996 533
828 589
310 55
11 109
492 782
309 320
312 476
440 657
728 373
814 763
983 128
986 356
287 665
146 543
592 755
534 650
2 539
73 604
581 677
485 272
877 526
986 390
659 276
623 79
509 635
293 574
574 641
243 403
816 713
122 576
284 343
454 515
755 492
377 630
268 963
842 628
568 201
492 353
310 662
901 81
80 355
363 468
417 912
648 240
665 822
151 775
99 363
18 952
860 757
339 652
175 114
736 776
458 2
41 122
465 806
118 120
967 391
273 159
826 39
849 952
424 29
5 608
435 447
364 367
973 899
689 608
193 625
162 992
914 563
426 361
802 688
750 932
788 899
384 473
610 341
794 28
888 367
580 621
505 673
970 893
203 626
633 157
447 679
489 117
804 744
355 498
614 151
546 431
328 597
305 347
181 504
76 738
441 363
902 296
371 998
558 318
923 847
414 86
767 588
55 320
936 722
100 383
765 123
803 258
271 792
54 152
884 351
299 35
854 691
391 723
968 850
475 866
976 205
48 752
892 781
834 854
986 13
843 652
549 60
657 227
942 816
88 731
195 641
829 706
332 286
852 549
890 464
598 1
652 286
41 436
424 332
272 125
977 608
301 734
714 917
99 779
244 708
117 370
189 69
541 272
800 150
268 340
108 27
457 277
60 214
751 922
866 26
494 971
210 726
188 225
227 605
357 534
178 395
438 889
559 323
905 808
433 95
141 358
698 549
681 689
315 95
334 425
743 55
25 481
107 273
35 76
20 602
519 742
944 316
374 809
234 148
695 33
642 175
148 292
250 858
15 564
550 895
314 255
7 176
909 724
876 777
206 816
449 398
90 777
879 11
310 258
940 381
800 552
746 444
76 379
199 222
855 227
90 43
674 890
377 957
160 149
786 825
604 592
553 962
476 951
935 152
369 33
964 696
609 57
243 873
467 541
404 783
45 10
964 719
696 37
825 391
644 205
421 116
350 170
978 883
500 423
339 727
763 797
216 138
182 867
613 625
743 518
355 321
621 166
714 792
397 92
457 305
919 187
957 100
573 502
580 993
65 340
766 972
362 510
408 181
994 235
120 708
27 912
157 961
734 249
974 520
631 659
779 554
701 607
177 156
272 168
224 209
27 262
652 139
67 637
468 484
737 21
340 542
595 235
550 953
25 2
387 935
262 238
174 413
702 867
168 534
613 396
326 374
152 186
645 400
831 426
244 336
674 371
35 726
395 382
159 489
896 185
384 973
148 30
332 787
115 421
668 853
500 617
375 879
530 850
695 344
937 876
755 245
96 438
793 464
212 824
289 49
843 630
663 546
940 496
209 378
307 917
380 229
392 181
981 861
985 282
656 854
87 494
588 145
648 838
77 660
961 257
266 116
302 523
565 624
398 30
436 341
536 955
907 820
513 221
36 546
346 582
990 807
38 400
41 396
940 556
761 541
578 189
321 908
395 645
524 606
961 220
914 298
862 140
417 155
994 80
101 998
412 515
461 720
420 54
477 35
46 200
145 265
442 445
183 961
266 455
487 479
847 28
845 713
884 785
300 670
525 439
400 872
111 640
292 814
97 466
996 730
851 57
135 144
83 163
709 59
802 911
774 489
352 128
138 263
374 785
305 318
487 530
415 383
71 979
148 220
816 620
581 898
522 148
470 963
684 397
850 933
409 665
284 515
102 830
394 207
332 823
659 422
695 444
627 26
497 193
12 694
428 625
603 5
345 309
915 129
589 106
661 365
898 881
902 137
816 714
621 665
877 815
21 639
481 934
912 183
597 464
359 957
895 735
803 933
517 255
989 978
277 448
351 41
797 159
411 972
708 622
53 447
259 272
556 554
559 478
378 248
145 169
600 229
776 21
80 386
463 897
356 727
74 352
948 596
961 184
246 618
139 676
31 594
344 166
914 270
35 274
918 334
494 812
614 761
960 496
45 690
201 126
184 766
207 85
904 663
338 335
600 6
230 321
197 408
54 563
400 950
969 443
25 303
483 19
837 200
947 392
699 315
58 673
851 100
894 485
125 343
236 592
275 928
442 179
443 214
63 513
785 698
68 169
875 811
396 736
415 132
861 500
96 50
663 674
906 853
728 567
561 639
25 875
980 661
125 42
132 684
149 266
632 194
299 149
210 488
711 840
927 799
911 442
125 155
404 440
669 372
54 870
805 918
346 75
832 240
37 636
637 145
341 852
217 734
215 895
436 120
772 754
955 684
80 34
8 351
355 872
686 812
394 596
566 262
346 877
23 953
574 781
686 107
136 227
48 991
765 702
934 437
592 28
388 25
969 783
900 222
382 764
184 461
832 457
333 788
905 403
299 908
583 116
251 503
351 375
647 531
925 993
731 830
550 470
813 512
425 839
955 944
417 855
783 628
990 168
828 67
791 73
369 674
585 34
886 457
729 386
14 546
166 681
724 131
67 896
776 732
465 717
214 832
552 419
205 643
600 636
615 120
121 396
837 462
145 908
954 234
332 522
578 814
45 235
546 432
853 820
983 869
200 108
366 857
61 519
667 688
146 981
510 536
112 935
149 302
261 292
172 129
328 671
256 172
366 187
708 389
522 155
669 344
122 679
17 977
180 315
237 278
185 107
42 292
650 39
725 609
157 21
953 110
761 949
958 249
389 162
428 712
694 727
237 88
679 1
169 968
706 225
7 644
674 899
329 690
186 857
605 798
329 515
695 936
8 40
1000 764
195 922
126 534
198 367
456 922
364 159
126 541
431 975
697 557
93 460
832 324
227 666
835 859
857 823
53 826
457 385
314 634
631 765
322 813
183 876
3 154
858 386
579 314
637 977
818 13
452 787
951 363
678 481
862 322
409 64
451 477
692 645
144 499
699 355
116 471
281 62
590 117
269 549
96 11
966 564
116 70
483 861
135 60
945 112
642 176
112 741
955 187
758 684
984 921
253 44
718 206
6 186
300 419
86 628
256 25
348 439
516 152
663 968
788 111
546 938
591 410
815 790
450 242
267 520
110 88
661 328
534 974
2 255
134 312
950 702
856 635
32 397
730 92
588 146
551 30
152 534
997 450
490 872
865 876
703 304
618 792
888 703
355 239
728 339
984 253
982 344
934 223
203 419
922 703
460 594
300 767
179 138
55 170
772 157
874 551
286 841
677 24
270 307
188 59
931 645
93 242
44 538
889 19
684 627
510 5
700 205
600 189
244 241
652 168
12 207
72 802
616 979
410 446
494 374
183 135
284 894
374 790
286 148
881 798
254 232
578 790
651 206
689 407
637 313
603 713
231 520
773 238
827 257
775 97
335 542
138 102
824 633
590 96
581 675
189 522
741 45
427 157
446 139
46 833
533 61
324 547
885 974
467 777
543 648
111 394
976 1
406 996
152 707
192 560
7 703
708 984
18 148
52 96
789 633
246 278
392 33
308 381
494 444
134 302
131 476
264 251
1000 677
599 391
680 547
364 52
256 847
761 568
173 803
711 94
161 724
886 192
597 19
770 991
773 728
575 588
62 529
389 719
283 324
639 281
161 800
644 843
793 535
207 949
601 370
361 757
514 331
3 210
776 594
317 558
304 339
512 808
194 766
614 427
372 2
300 807
118 570
432 503
343 643
680 157
664 514
477 345
444 518
568 818
571 213
168 576
520 693
525 700
812 168
600 754
30 245
345 709
248 372
366 813
556 165
315 753
462 320
333 233
919 926
646 946
963 74
509 860
589 188
717 71
39 95
115 269
670 71
103 852
321 271
574 818
744 89
172 738
268 993
553 340
395 727
553 629
950 529
735 261
503 622
999 258
801 359
86 235
804 898
731 738
71 125
990 877
238 918
374 214
321 986
250 117
863 118
977 759
356 756
148 908
40 781
921 644
558 595
264 501
412 725
197 345
420 248
295 152
468 236
269 973
259 203
818 102
636 737
842 96
779 355
787 737
662 991
634 270
33 791
840 385
744 627
872 882
41 673
634 736
653 410
489 87
253 150
953 576
614 177
923 700
716 865
134 217
927 877
312 406
20 79
400 409
323 246
17 839
876 922
186 290
45 875
842 873
293 611
310 899
151 645
543 274
502 699
466 645
566 368
589 49
20 284
4 889
267 543
138 995
929 980
52 109
90 472
722 741
961 315
485 665
750 239
716 11
505 437
921 981
316 921
613 669
544 380
229 644
820 25
400 420
94 258
847 960
614 981
133 334
562 624
70 795
550 17
153 669
355 323
504 903
231 492
986 547
182 784
862 150
754 519
900 375
245 176
155 168
339 823
566 990
41 193
848 735
827 775
528 733
636 662
838 62
491 161
735 834
629 459
921 334
596 4
120 821
338 276
926 941
782 657
644 658
741 219
940 761
244 158
639 79
486 119
680 198
440 811
963 849
487 667
383 602
730 108
442 365
953 604
676 880
168 679
323 69
585 314
193 412
756 309
958 553
85 579
285 385
213 472
749 458
89 170
911 354
697 178
574 744
856 973
30 157
548 767
588 316
881 270
479 30
817 714
468 642
240 481
755 386
540 814
268 937
933 937
187 859
191 495
674 535
492 30
739 231
153 712
939 473
501 280
967 15
182 845
438 763
274 376
60 297
776 202
251 446
930 879
566 583
809 6
863 223
204 584
942 298
193 505
342 730
334 56
23 117
830 639
309 792
92 664
420 391
996 998
300 941
482 584
819 379
838 181
700 206
41 991
262 497
230 389
50 791
468 506
767 230
126 250
555 830
560 968
232 419
409 972
562 186
289 550
14 821
370 395
741 616
874 11
200 86
951 157
239 159
976 567
499 194
580 185
655 649
146 907
472 33
555 506
292 748
846 143
707 199
671 288
513 898
987 119
3 992
831 174
301 763
765 438
513 154
536 76
564 809
497 80
540 620
557 458
758 482
416 218
521 361
686 897
156 148
51 502
968 614
789 632
612 61
151 915
100 873
247 202
857 178
296 414
574 113
575 280
361 181
212 274
394 867
576 993
203 497
442 795
522 615
322 449
820 320
714 975
438 711
644 22
739 400
524 577
264 474
619 966
602 696
749 311
108 105
576 787
209 962
835 786
144 143
753 653
495 752
33 769
84 878
904 665
541 732
891 539
402 480
9 107
883 100
889 159
173 46
176 798
598 753
54 851
537 315
263 443
742 460
335 814
237 658
515 364
93 872
663 700
871 825
488 830
414 458
814 683
750 549
808 222
471 28
530 683
920 250
99 981
524 452
565 656
942 356
609 724
427 107
156 427
550 260
105 341
638 841
108 940
678 329
76 338
994 973
168 925
206 757
707 48
375 198
497 537
394 451
824 372
787 360
722 623
464 387
360 820
557 430
548 823
554 308
937 580
985 336
553 628
169 867
299 736
30 592
786 242
454 780
476 716
480 931
773 904
151 804
522 648
118 185
708 723
123 341
288 270
416 819
380 175
240 23
776 51
18 486
959 546
247 972
182 487
15 697
895 928
700 690
939 937
720 212
144 860
514 294
990 31
170 512
71 448
554 938
149 662
22 140
95 462
746 690
367 599
732 993
349 431
278 981
486 72
303 514
650 911
460 150
615 997
541 962
858 810
519 739
296 611
552 55
729 723
452 110
860 99
823 105
92 21
438 9
295 400
354 972
851 352
444 666
766 77
848 40
898 499
920 167
867 970
63 773
500 737
375 535
569 640
822 82
664 172
595 980
292 790
394 133
140 314
275 378
169 643
996 208
450 236
808 998
493 202
766 368
320 640
427 228
506 695
747 799
329 854
742 745
897 452
57 167
864 529
688 463
543 579
51 385
712 453
604 595
61 744
621 496
365 178
259 733
406 540
706 499
105 653
92 881
311 657
496 62
369 768
832 440
423 551
356 538
303 125
235 859
252 603
914 178
402 350
95 255
631 985
557 982
929 535
70 939
933 103
652 465
924 366
467 237
434 990
771 485
97 888
840 704
839 786
509 491
952 718
867 477
887 518
141 310
853 128
205 579
813 260
27 691
836 955
31 219
1 284
693 705
183 12
396 731
92 74
242 603
633 346
897 971
805 706
21 51
578 816
975 310
305 352
470 954
937 951
478 901
907 399
529 657
270 637
533 57
534 738
521 513
205 24
100 306
251 678
358 638
713 605
716 612
788 105
419 710
721 58
800 567
963 5
103 782
261 432
471 298
160 236
901 327
765 429
959 81
87 378
470 102
237 169
481 927
557 630
959 166
212 537
217 901
75 291
556 690
777 43
959 823
7 171
711 342
622 983
694 544
592 230
538 643
550 84
85 119
820 510
640 620
770 727
43 559
227 298
675 846
583 937
820 365
799 926
810 327
313 741
938 762
144 789
505 62
145 381
735 784
370 964
459 541
278 179
904 766
178 511
658 949
914 459
151 22
663 68
408 584
465 617
232 780
799 388
807 561
469 701
1 463
202 344
370 678
701 866
387 742
716 545
712 645
73 545
989 167
862 719
104 788
896 459
913 547
128 869
496 851
188 633
48 140
600 617
513 374
570 257
254 238
703 559
746 78
379 555
451 102
549 74
73 696
592 600
24 468
668 773
81 229
745 142
449 601
868 420
807 338
479 411
320 810
754 955
103 733
513 897
269 989
474 47
266 767
419 738
422 263
495 343
625 939
502 625
290 653
608 496
823 46
20 358
524 696
303 497
109 450
184 103
459 159
542 310
801 232
580 562
811 467
762 655
742 681
17 330
489 789
973 635
117 745
27 273
339 547
450 664
783 206
142 194
757 569
481 758
541 264
986 617
92 936
473 858
311 590
97 244
478 197
425 991
448 104
340 46
877 257
762 67
134 896
429 784
514 470
127 119
994 174
98 347
540 358
945 498
212 215
430 138
378 699
239 766
743 190
914 702
301 120
161 363
629 164
171 532
799 158
756 217
278 667
1 102
148 243
811 597
564 827
431 780
505 880
769 121
607 915
437 12
459 460
42 700
868 864
636 260
966 271
630 814
242 39
538 584
466 671
401 484
552 804
627 360
450 990
151 720
133 37
742 619
212 994
85 348
912 1000
905 983
234 786
626 16
792 322
483 49
468 699
964 576
588 212
961 279
284 85
144 544
881 55
934 59
256 702
126 38
527 184
714 913
808 470
903 985
763 164
235 783
382 626
97 939
293 227
948 957
429 995
784 766
602 669
235 924
53 803
241 803
278 136
192 73
362 297
516 348
274 611
993 409
386 41
300 999
232 821
529 223
336 761
415 438
326 791
883 630
519 572
23 813
941 84
549 357
733 456
222 599
595 411
64 337
248 46
106 52
207 579
611 645
137 928
889 811
232 610
710 843
63 951
626 737
665 491
597 242
215 73
733 908
479 596
471 160
320 995
638 795
56 925
717 408
220 656
543 300
466 752
103 741
772 177
324 726
825 975
241 304
81 340
523 304
997 201
29 39
358 957
159 676
454 572
970 618
94 599
276 896
669 119
883 135
199 264
626 52
511 522
402 42
518 959
635 206
367 679
764 281
677 446
222 50
421 112
957 158
446 669
930 726
914 179
60 263
406 383
544 92
49 530
636 946
395 746
450 627
252 971
917 865
778 789
302 362
287 441
182 641
681 102
562 291
88 358
642 331
398 749
921 384
480 208
136 572
107 467
605 368
93 28
130 6
283 556
323 523
748 344
755 524
331 792
975 19
281 3
49 47
949 756
491 606
96 14
978 100
728 579
815 40
310 33
662 330
167 744
940 936
745 256
637 274
33 652
522 232
968 33
897 123
592 637
116 983
924 301
974 123
614 34
119 576
689 505
746 250
983 251
393 643
180 708
626 916
239 91
759 912
393 917
401 642
879 43
238 417
555 289
835 49
284 729
38 968
403 61
632 475
462 600
375 137
302 35
933 629
333 661
355 739
228 445
123 65
472 839
682 198
385 616
649 23
708 805
155 330
468 755
325 662
420 638
242 416
389 933
709 816
857 197
554 47
259 329
832 389
668 59
585 755
602 307
530 52
916 953
761 402
191 765
445 511
462 595
114 70
347 965
761 897
605 434
161 793
257 602
774 929
648 277
135 601
529 22
322 780
823 592
552 177
74 189
477 80
283 667
624 227
524 973
595 482
906 603
282 465
300 890
949 679
343 760
541 852
171 555
269 582
55 85
258 761
921 47
480 329
462 73
343 564
827 405
280 976
784 416
381 248
111 979
834 570
287 644
181 129
347 185
241 414
632 281
889 686
977 179
336 69
389 453
854 283
730 797
593 298
4 684
795 683
479 834
764 408
51 587
363 685
938 177
962 43
503 201
363 570
825 225
648 870
852 526
69 740
661 700
900 132
373 670
9 829
339 546
469 171
787 778
165 162
849 608
169 39
740 298
522 613
173 727
653 717
981 192
198 170
678 96
296 190
299 821
835 647
269 85
680 836
718 828
810 459
415 146
665 854
528 648
156 713
907 794
503 674
624 33
550 313
666 266
182 504
371 433
637 918
874 312
598 930
743 868
718 322
984 647
101 313
589 740
922 315
385 36
738 394
296 649
970 423
745 446
339 301
802 943
55 441
866 550
390 454
381 43
119 667
599 685
952 843
582 453
777 285
205 78
298 688
834 542
228 817
764 963
987 36
453 640
726 387
105 358
890 648
907 692
604 986
199 406
751 933
932 833
220 901
263 673
692 309
414 535
406 903
868 214
100 184
981 785
530 459
986 185
117 603
479 68
246 369
86 238
87 515
147 854
373 882
9 857
377 375
449 130
566 727
236 206
454 157
611 490
316 214
527 808
804 611
454 44
681 248
347 924
187 611
350 493
999 718
869 831
908 897
748 192
487 172
473 550
793 583
296 41
867 338
540 212
368 221
391 426
339 909
567 525
218 786
862 475
899 111
115 626
991 765
266 592
448 787
852 888
663 399
577 714
796 620
141 353
900 978
206 377
742 287
55 766
361 496
350 762
415 215
991 264
442 83
478 653
987 501
237 750
242 644
443 359
319 280
822 821
361 18
15 563
290 14
699 150
498 365
116 780
979 646
340 852
966 896
474 450
96 304
48 435
688 227
769 264
125 812
398 378
971 532
960 803
359 489
81 462
924 902
800 668
711 590
788 181
759 322
818 932
428 708
252 256
650 29
890 646
184 679
928 175
341 86
146 36
207 701
708 674
731 707
143 369
350 175
26 609
173 654
592 282
388 287
706 270
909 363
363 177
491 388
610 210
166 412
147 253
856 78
641 870
624 26
821 656
435 333
735 830
723 926
870 531
528 720
909 77
947 294
770 821
249 916
68 440
748 458
896 707
824 975
305 53
878 829
787 422
135 794
447 516
486 106
418 778
227 858
908 489
894 198
567 164
126 44
366 543
572 862
462 114
634 515
859 746
495 238
958 754
480 285
437 332
690 640
159 327
646 863
153 282
428 356
376 973
506 900
50 690
641 125
113 558
202 841
341 566
379 638
346 156
297 845
848 310
150 872
281 751
376 683
582 815
786 628
643 901
757 67
682 195
251 902
824 302
91 881
293 661
815 624
933 965
790 950
118 453
247 227
964 665
422 789
406 51
290 952
347 649
556 579
189 166
611 616
890 277
156 81
123 430
532 436
313 634
541 290
28 155
469 33
566 671
74 329
249 449
155 24
601 120
340 20
105 905
626 420
476 468
977 447
540 237
118 897
191 863
245 661
623 824
496 649
978 517
26 150
154 451
999 153
265 810
642 300
990 356
649 652
335 49
728 915
935 838
828 502
549 316
974 779
814 944
780 192
747 383
529 960
253 234
737 165
59 913
63 633
547 164
737 86
93 690
497 521
149 128
75 7
116 213
427 866
394 121
486 451
659 719
660 380
897 70
203 763
185 852
908 586
367 68
632 171
814 765
194 922
431 987
637 827
295 184
190 342
509 478
444 930
592 888
321 499
497 196
977 178
461 353
579 386
816 719
215 137
161 414
470 384
62 78
782 327
568 207
380 373
603 726
838 825
584 804
282 604
283 141
526 251
645 215
633 521
151 882
820 323
839 33
625 157
771 257
535 744
351 859
726 853
47 50
777 597
586 256
914 267
438 629
572 430
629 366
39 942
9 419
834 466
691 71
213 919
607 315
631 673
444 333
763 617
396 40
843 401
918 429
666 442
391 359
303 619
54 679
76 939
438 774
535 172
520 603
6 570
888 373
118 574
391 244
102 755
605 40
646 618
496 994
671 973
504 493
508 461
804 226
400 728
629 851
667 570
923 724
719 838
962 729
967 656
557 248
394 236
732 354
395 945
347 132
313 20
332 848
298 832
872 357
638 844
967 622
77 996
224 568
464 503
266 309
369 430
811 19
856 904
88 562
512 212
34 680
346 886
610 651
647 574
928 384
579 156
375 481
360 838
238 811
152 594
134 550
304 969
484 687
450 20
515 565
131 316
117 715
887 507
815 270
726 959
527 186
61 20
304 823
970 372
147 567
352 547
494 866
923 86
801 566
14 261
143 931
330 102
352 658
210 720
67 873
988 487
681 409
792 990
481 99
528 260
144 125
606 989
978 348
540 507
230 497
931 814
439 52
572 964
511 488
166 829
225 215
923 402
770 483
2 921
421 833
33 629
34 294
343 272
751 407
254 213
606 654
534 507
138 472
176 27
988 986
777 743
44 34
816 75
673 566
345 549
966 897
534 709
594 464
957 571
540 737
204 303
367 237
439 688
133 869
872 321
751 75
517 911
422 333
321 382
642 668
863 658
459 200
820 145
302 646
786 865
238 852
318 284
309 622
981 820
416 116
347 684
242 442
84 425
959 803
820 485
861 655
553 742
237 373
166 179
226 902
423 544
100 947
856 305
456 51
1 804
700 738
916 935
311 885
739 92
151 186
243 909
469 467
531 328
537 779
576 815
443 760
299 892
622 634
623 807
39 886
840 707
139 453
867 478
207 97
687 171
430 192
277 339
939 970
853 512
801 941
115 879
461 679
714 297
642 26
1 130
738 435
71 997
24 332
601 151
245 530
375 260
987 321
181 314
272 618
200 284
821 922
220 711
846 183
246 835
707 239
944 139
297 115
30 64
731 245
767 659
769 464
845 69
258 855
760 675
834 758
636 334
11 437
255 864
847 926
219 310
185 394
369 485
132 391
575 189
48 702
951 453
721 217
260 483
562 863
838 944
711 450
323 389
752 561
769 611
318 136
321 100
322 215
30 540
159 952
58 864
863 404
522 764
283 160
394 843
605 893
1 919
551 379
238 594
833 114
853 127
585 753
216 108
714 983
145 80
960 332
347 854
459 816
995 962
675 182
247 945
658 142
553 508
457 471
355 496
787 307
585 979
308 986
534 80
898 587
391 493
446 872
340 491
141 198
190 634
421 344
166 667
828 904
101 706
780 483
837 222
589 877
921 275
796 597
125 333
876 395
201 133
998 472
689 168
728 690
843 348
497 703
707 540
64 522
299 843
993 899
98 873
864 839
965 493
867 81
220 308
389 289
228 799
567 478
235 73
845 152
422 683
149 353
818 914
197 661
276 868
993 734
760 703
299 77
683 343
470 223
219 274
740 144
769 734
274 148
402 993
869 325
835 333
105 552
235 617
696 901
753 244
237 27
739 809
186 939
333 520
962 88
601 776
126 587
53 441
695 894
934 18
386 540
994 361
862 444
248 891
229 728
251 368
770 694
18 947
57 559
909 289
731 955
368 131
575 762
635 327
593 102
678 241
246 215
504 818
877 399
117 507
130 426
849 962
66 510
110 780
571 266
440 888
40 338
799 266
620 853
591 116
991 974
689 212
449 879
880 633
954 208
168 581
945 947
966 523
698 221
475 44
439 905
759 820
154 523
436 689
994 902
246 792
837 793
530 773
252 169
553 574
925 228
548 605
418 358
256 373
846 798
99 820
194 129
531 770
402 946
935 28
688 295
108 590
806 267
39 440
706 151
725 681
561 696
659 953
734 569
972 118
187 790
973 395
688 517
95 118
152 962
554 229
169 1
995 909
109 3
467 356
766 840
17 85
753 835
830 985
493 868
249 156
1000 932
663 171
282 194
219 677
199 651
274 606
663 24
136 515
763 628
856 146
901 834
988 407
148 606
476 163
386 215
61 471
136 914
348 101
940 673
7 378
709 108
710 831
414 264
823 244
92 98
239 509
478 883
428 92
339 459
893 880
825 528
103 410
793 50
298 624
392 757
698 241
29 738
455 735
495 69
81 145
279 836
431 813
608 238
801 487
703 390
889 763
238 621
570 38
742 808
17 971
380 105
518 89
42 302
170 251
505 837
318 435
981 721
32 264
142 893
553 954
347 385
720 165
892 99
730 66
752 534
199 261
223 131
137 172
854 35
527 507
549 543
316 918
834 87
249 493
891 42
764 276
1 906
536 981
333 929
464 528
749 378
387 50
740 748
464 943
230 598
467 256
782 969
439 13
507 515
62 409
304 675
286 855
839 889
715 439
455 624
340 464
586 424
658 845
139 448
970 986
664 658
59 169
701 858
760 266
404 406
454 84
235 296
352 12
941 220
500 956
504 439
413 515
949 753
183 185
556 437
956 511
633 350
710 682
90 547
734 97
245 529
746 86
547 27
918 376
727 973
862 896
617 963
711 889
858 479
234 405
226 265
644 854
673 785
389 494
85 575
926 159
341 933
237 788
901 323
462 607
255 677
963 918
860 566
114 432
7 593
263 747
268 983
678 782
42 36
316 971
479 9
373 534
392 11
268 934
269 507
848 884
36 553
757 679
735 233
153 723
616 383
555 168
106 661
307 86
682 374
888 927
504 936
584 876
35 608
273 171
493 528
886 105
838 82
389 725
861 805
783 759
59 471
294 594
842 82
329 125
918 391
477 173
525 95
818 43
602 882
879 950
951 325
681 353
918 118
41 962
237 146
840 478
713 80
487 293
760 149
262 389
603 545
215 447
276 289
12 299
396 586
146 885
111 879
295 340
372 377
814 656
341 758
358 316
180 564
39 618
756 487
996 438
138 96
410 717
858 435
587 851
253 443
882 269
445 434
485 280
802 74
217 602
34 928
247 306
285 17
342 482
695 554
733 659
385 699
25 716
392 201
375 110
450 67
177 825
363 686
678 731
535 806
442 159
320 635
860 649
311 823
458 473
777 75
624 664
859 451
881 15
790 707
665 830
910 88
126 893
952 846
290 845
844 484
776 28
406 331
766 813
326 498
667 466
891 816
659 758
417 979
381 880
936 465
631 818
14 734
416 973
95 465
297 426
780 305
805 834
753 529
850 429
966 720
662 932
10 567
266 925
344 745
609 35
112 581
443 350
542 958
176 994
254 191
606 656
132 885
494 543
277 108
104 580
600 585
361 59
328 908
167 685
8 778
928 875
30 255
846 125
879 511
983 887
668 660
206 847
851 534
271 913
741 75
600 533
375 221
878 172
801 417
171 242
1000 90
708 939
801 31
530 439
68 522
52 151
768 320
697 94
644 435
493 3
773 209
77 708
961 337
599 323
198 600
69 499
425 140
687 748
855 756
701 625
194 467
804 904
52 949
860 796
980 699
311 569
959 553
19 514
817 308
387 102
226 194
672 488
823 799
235 912
326 105
83 292
546 916
430 59
359 499
783 413
573 153
684 427
73 415
83 405
1000 953
490 497
54 534
662 977
975 138
689 789
541 812
430 789
72 785
605 153
219 578
771 827
957 540
82 182
983 540
729 677
166 898
617 708
85 998
107 180
219 864
718 330
332 513
946 842
647 186
429 801
278 699
483 695
817 139
896 294
663 588
722 8
21 452
776 944
444 774
968 152
695 223
437 251
935 332
138 149
834 609
458 861
96 418
194 883
367 799
868 919
280 344
39 786
12 823
380 217
169 928
542 483
247 107
801 59
345 231
143 92
227 199
519 201
601 982
716 711
34 573
897 443
181 698
352 884
213 619
726 110
803 583
131 282
868 299
194 156
193 245
670 609
381 591
751 638
575 684
152 846
164 996
120 605
192 58
688 19
307 283
805 56
899 63
404 647
916 331
26 177
47 357
734 225
979 250
72 958
453 239
614 410
542 464
357 899
124 882
658 620
884 948
767 857
895 276
382 441
510 242
774 517
651 330
279 645
154 129
510 349
849 469
423 382
788 272
592 625
206 997
319 142
693 413
275 300
846 181
480 638
823 169
979 532
963 123
306 918
726 462
263 452
358 962
716 752
509 622
356 271
794 818
617 141
304 200
655 887
712 407
290 725
590 344
464 320
946 764
87 486
955 858
722 707
872 236
598 831
433 864
216 336
252 662
825 314
455 19
683 820
96 906
575 482
562 959
963 580
566 739
482 30
854 80
749 444
472 24
308 646
183 570
813 927
958 450
814 994
680 876
717 687
866 107
961 837
100 695
714 183
622 532
678 346
757 243
62 719
894 12
140 173
642 299
429 201
449 207
144 71
254 422
275 799
847 407
353 983
944 670
597 700
202 280
895 443
879 550
757 390
101 418
84 720
162 294
571 206
510 238
332 762
921 51
760 5
558 440
267 97
586 897
272 569
914 904
702 775
560 812
105 65
145 839
24 473
959 269
470 842
441 48
940 174
474 330
822 142
988 674
845 103
593 214
591 583
924 602
651 818
981 551
894 416
473 368
309 154
898 841
781 848
164 854
887 242
707 376
342 205
756 385
575 433
668 373
731 671
454 794
747 619
983 610
186 792
156 944
359 667
87 744
564 764
930 794
311 581
502 208
322 586
252 783
539 159
886 74
457 66
46 236
283 714
571 415
878 777
607 437
719 271
297 570
211 28
577 21
453 167
311 9
975 38
845 630
41 590
999 493
989 311
591 231
704 393
10 859
822 817
927 225
34 368
825 619
805 645
976 521
427 835
72 434
54 230
704 599
924 664
615 387
46 906
796 843
587 894
294 468
220 649
560 54
815 870
742 770
764 846
584 444
587 975
595 611
684 143
945 817
623 106
344 826
682 888
422 439
902 877
885 939
389 182
781 884
708 916
782 439
985 297
308 58
596 195
518 413
924 860
856 570
450 983
616 641
421 246
702 415
192 642
635 150
460 30
268 623
969 974
531 83
458 333
131 289
556 518
243 773
100 662
198 379
878 745
717 533
97 628
921 401
886 180
852 780
464 965
468 21
622 754
113 981
678 128
779 859
355 445
117 411
597 929
533 649
970 85
330 244
81 698
248 341
11 659
321 543
196 669
178 384
987 698
415 445
754 847
885 23
979 78
236 740
382 51
590 628
165 535
34 434
70 412
823 246
975 427
393 561
232 615
685 297
548 191
586 886
845 749
976 614
101 331
237 635
917 95
315 677
387 848
941 297
248 879
984 734
872 789
814 568
447 49
160 593
640 171
452 409
699 904
591 398
977 110
940 374
561 879
930 188
750 293
588 384
237 814
646 32
596 907
833 559
712 380
860 556
310 565
60 728
977 5
726 141
237 80
221 843
475 615
169 816
652 947
427 504
86 443
624 535
750 246
459 43
721 412
995 205
687 643
981 930
285 619
344 473
36 567
995 90
137 903
248 693
579 923
304 839
502 126
105 768
568 488
56 316
610 895
750 142
41 681
389 622
434 73
158 815
37 60
960 385
317 796
657 103
35 471
229 308
956 949
524 657
597 837
301 264
247 716
438 931
338 271
221 66
304 274
801 930
641 693
54 866
419 35
438 205
723 113
690 346
33 933
2 888
225 353
799 93
504 343
806 939
823 75
268 720
293 861
239 241
210 281
529 651
470 815
897 239
59 708
733 540
259 867
613 230
691 868
659 258
241 215
167 43
924 998
363 708
234 708
218 193
91 885
967 8
938 198
596 798
464 321
392 190
217 911
324 981
825 200
147 948
459 70
244 326
208 838
69 779
624 638
470 346
808 629
695 791
184 175
807 889
648 222
332 351
351 77
942 992
374 230
200 953
554 40
791 709
424 269
813 781
117 640
812 864
715 119
473 832
465 390
528 530
265 588
910 156
30 34
643 355
630 241
981 265
982 562
568 738
607 195
135 596
905 653
528 304
505 433
433 188
417 791
514 383
351 937
520 980
81 642
425 528
201 57
594 7
558 223
137 769
338 130
67 576
214 785
880 961
934 839
405 129
153 472
45 154
29 565
67 382
529 597
971 916
399 423
205 468
488 4
70 717
979 725
233 27
750 528
475 114
537 243
77 154
617 957
484 236
211 556
208 174
146 533
419 539
560 11
501 879
483 428
45 461
871 577
711 748
413 41
306 955
271 959
664 25
792 78
970 59
102 529
954 750
648 525
591 759
781 847
213 381
548 794
844 177
100 129
748 533
694 663
626 121
166 28
857 187
455 502
375 604
848 850
728 392
502 55
937 156
338 659
959 567
947 983
485 956
469 295
217 310
36 734
706 370
487 135
18 848
438 876
778 386
202 388
130 425
781 801
477 30
683 735
835 936
639 150
434 883
474 772
951 314
952 694
649 684
245 403
980 218
528 427
858 942
909 226
719 240
590 537
790 111
405 451
427 535
598 776
177 44
141 457
299 100
957 615
997 650
489 99
589 624
920 291
79 306
372 296
870 27
428 10
604 403
660 429
177 940
58 123
77 301
266 76
395 288
750 556
542 856
873 39
194 433
345 638
687 630
81 84
284 751
52 371
259 955
828 824
150 788
981 570
854 312
678 618
312 79
685 626
427 270
670 222
618 535
13 713
845 299
864 763
351 487
83 893
946 645
602 35
510 507
403 342
368 380
212 718
303 241
74 733
700 456
652 710
639 630
919 312
869 937
31 680
89 479
648 803
217 387
589 926
463 130
67 877
411 495
869 747
126 456
788 843
400 124
845 772
249 899
467 52
862 367
496 548
709 472
503 931
822 745
732 131
813 426
392 922
379 794
784 176
895 370
236 941
893 826
757 381
171 630
23 521
617 714
390 276
618 149
340 627
751 403
953 584
388 765
546 457
889 927
529 541
676 836
399 415
738 653
668 980
23 751
160 739
344 100
751 369
276 57
741 395
155 824
318 340
759 849
671 336
674 468
894 363
203 532
590 160
578 632
320 872
449 692
55 604
556 935
705 635
63 113
268 863
622 224
694 829
402 917
4 865
367 975
264 628
597 71
910 325
414 628
661 541
366 269
227 201
80 579
237 480
899 613
169 832
832 600
498 524
725 315
239 9
307 206
364 997
825 397
611 444
60 314
544 483
176 156
88 991
491 490
187 533
830 873
388 260
946 282
430 379
431 166
568 344
813 970
316 102
645 720
190 539
565 697
245 41
965 800
236 348
782 402
295 873
690 121
653 67
841 227
552 106
705 412
346 157
417 596
917 303
700 145
261 843
478 707
137 885
201 799
77 98
927 410
931 95
81 976
746 962
436 300
440 529
257 429
578 779
499 238
604 91
38 657
149 216
618 427
506 897
463 187
684 50
594 337
284 672
565 721
158 153
622 418
125 858
200 367
794 897
764 887
730 771
124 22
803 597
199 452
309 132
129 550
385 604
99 752
225 925
393 121
199 341
644 486
975 987
155 723
194 119
693 95
755 394
425 185
517 18
540 335
648 223
298 344
463 518
28 97
583 785
674 559
252 519
477 742
95 75
867 34
388 361
579 630
1000 705
179 100
37 78
865 581
293 212
316 155
295 772
273 168
67 982
810 465
60 144
943 793
464 797
749 732
553 113
735 793
277 401
633 963
999 148
178 8
644 751
918 410
187 396
562 80
141 339
325 502
997 516
559 269
597 698
824 966
63 425
20 715
883 421
610 311
495 152
461 424
267 99
626 720
77 264
519 433
188 743
56 89
509 957
111 985
100 334
124 230
357 121
802 214
217 558
253 440
608 169
739 657
462 668
600 829
855 95
368 541
685 764
7 912
925 141
564 499
717 43
750 59
995 473
612 19
742 582
912 899
929 59
330 568
518 439
281 1000
526 930
513 725
164 679
806 370
260 82
445 202
673 431
117 582
88 655
563 456
691 319
998 905
216 221
236 224
41 470
672 80
87 859
994 71
541 434
653 856
639 435
966 161
235 937
677 82
36 814
878 557
369 547
690 273
710 154
838 495
325 200
307 341
762 634
432 97
5 998
856 186
305 916
666 391
978 373
652 246
799 353
658 547
845 739
478 823
818 349
690 338
823 236
951 475
793 937
188 933
377 346
409 944
817 19
72 214
272 392
606 663
314 127
940 991
957 983
135 127
124 666
840 219
949 935
291 261
722 35
601 157
599 683
926 425
214 399
534 306
242 892
439 570
816 51
471 389
937 769
439 683
427 99
86 804
108 932
706 384
471 378
314 435
78 392
530 60
851 648
998 617
559 987
521 316
481 879
104 146
473 885
644 446
216 71
561 700
602 32
859 435
146 58
682 152
296 467
596 710
778 695
252 728
734 716
421 69
283 108
40 871
99 196
544 55
218 762
628 885
9 573
505 14
838 440
19 628
792 948
524 751
122 257
657 10
913 928
382 855
553 73
790 302
991 763
567 699
467 55
620 127
501 963
457 205
314 846
595 307
26 122
724 149
945 352
619 73
50 836
913 706
408 310
119 934
211 427
339 350
140 853
469 993
895 381
457 815
666 189
272 823
551 714
988 32
439 888
379 354
831 554
210 160
48 75
410 622
84 633
603 667
106 465
494 108
56 582
970 614
58 28
497 980
963 64
945 812
711 913
620 746
659 522
665 413
777 635
336 485
844 514
584 75
507 364
224 411
555 314
831 153
781 948
926 167
986 466
443 826
734 876
492 623
332 192
6 385
372 705
891 339
782 486
655 796
380 212
806 472
988 539
916 360
683 47
618 520
213 308
470 461
521 169
479 17
356 300
213 421
181 647
818 126
661 766
479 311
688 382
672 41
47 147
912 632
485 866
118 881
456 900
294 840
633 708
668 93
317 169
505 185
179 184
71 382
754 572
41 191
103 874
622 639
573 73
520 171
526 321
396 30
474 842
643 39
476 236
524 866
945 307
544 56
582 40
395 862
988 375
718 536
690 4
689 822
84 840
70 367
54 864
127 874
427 606
743 76
871 155
174 313
858 790
713 9
340 912
586 872
717 917
571 20
457 596
115 144
443 409
559 575
263 146
551 625
589 392
760 970
484 781
842 720
756 318
246 836
944 128
877 542
270 500
100 393
462 560
781 984
565 833
935 83
261 32
217 796
398 459
63 300
664 477
167 186
13 528
730 34
532 348
310 646
50 979
172 675
670 422
327 65
536 902
981 68
200 955
221 591
113 334
938 905
711 108
515 641
537 889
240 87
972 408
832 267
321 83
999 945
315 477
469 498
718 811
347 986
204 577
80 703
563 58
288 556
428 84
314 548
211 148
197 425
325 100
805 170
199 591
899 429
266 530
874 463
803 96
782 634
672 197
511 478
630 414
805 908
712 892
572 905
940 869
79 171
488 956
513 477
141 564
342 897
132 925
135 26
673 663
92 213
777 721
206 85
963 314
637 463
51 916
16 561
422 979
953 496
902 459
483 577
813 780
952 858
638 971
651 203
949 149
935 486
313 115
333 336
983 506
285 329
736 60
260 317
461 492
178 738
820 789
824 208
420 699
132 247
32 419
77 685
939 286
173 814
726 58
913 383
695 885
627 547
386 537
540 954
49 881
714 613
280 85
934 102
667 313
506 171
472 503
878 579
700 679
166 335
350 504
939 589
500 397
143 523
625 352
308 532
277 579
559 93
636 608
984 767
566 927
190 585
537 631
594 640
131 898
832 53
207 183
338 322
529 235
639 144
525 127
547 411
396 437
35 520
419 108
771 195
538 250
704 238
387 714
204 265
16 224
55 1
438 139
738 389
582 686
799 134
340 601
215 351
788 757
663 695
690 755
548 277
109 610
436 527
646 654
349 518
116 823
907 126
820 693
72 437
895 246
533 8
827 295
264 615
483 637
837 642
833 688
623 839
989 583
60 977
24 167
856 880
727 183
712 244
968 862
473 288
73 958
458 692
366 21
296 998
920 993
349 857
212 891
600 905
105 493
499 737
860 587
698 282
226 555
412 943
794 873
742 611
29 204
195 764
199 284
75 274
437 679
496 675
205 175
892 203
731 335
73 863
21 777
902 898
248 813
299 731
502 998
217 118
448 430
375 285
468 929
415 634
87 649
109 849
496 410
350 69
886 139
394 927
495 597
678 135
921 358
308 1000
3 26
723 907
923 221
69 261
953 914
150 78
226 288
500 135
550 687
847 475
261 964
93 31
705 438
858 896
88 432
616 771
165 532
228 664
818 382
106 60
713 108
362 66
70 403
680 355
384 288
813 57
68 520
422 651
158 886
729 730
920 257
738 536
595 129
667 540
980 589
304 38
103 430
91 953
208 934
951 220
612 580
172 367
907 410
500 108
214 424
136 941
668 837
996 330
923 980
342 332
536 495
276 170
57 796
323 369
661 313
490 70
800 68
833 556
974 338
621 709
983 418
318 783
618 38
246 650
137 70
912 972
394 639
217 944
569 75
401 329
167 358
961 305
946 679
307 163
470 317
666 870
61 848
8 68
256 513
598 57
801 281
326 284
678 961
381 991
978 871
705 933
597 255
984 236
490 541
296 238
244 556
964 977
183 579
221 268
919 207
351 921
192 62
785 47
490 319
625 296
614 700
248 844
352 800
698 747
571 619
168 198
244 881
942 502
231 85
953 799
828 489
277 349
760 271
465 661
947 461
567 780
455 802
940 642
550 949
537 506
439 814
352 240
962 889
936 909
799 94
965 354
958 757
832 569
440 642
120 362
381 349
822 468
718 68
500 637
121 768
287 569
719 602
546 60
380 138
204 472
375 129
857 386
68 575
380 249
488 330
511 726
347 529
502 959
933 863
769 918
293 496
829 286
276 642
61 884
834 180
731 548
400 506
553 708
373 819
545 824
140 500
411 460
730 500
108 448
222 72
403 622
778 942
321 777
516 962
469 497
678 207
221 456
956 997
44 751
11 247
13 36
606 125
454 510
893 23
979 301
317 942
342 263
891 521
196 577
933 356
204 601
54 722
534 232
111 856
602 667
851 84
745 569
541 784
452 905
913 649
36 200
59 57
818 262
529 953
372 94
422 880
421 771
214 758
50 623
548 242
971 905
110 455
805 749
427 859
382 996
46 515
893 932
819 769
276 12
168 653
779 159
873 72
582 608
821 296
807 325
707 177
258 821
831 208
246 976
102 532
569 417
534 993
878 201
975 849
450 92
470 411
458 627
579 169
801 231
549 577
363 562
436 142
535 914
190 917
494 956
781 558
943 424
39 752
578 98
528 851
565 280
269 363
515 623
865 758
619 547
621 209
649 870
445 973
88 8
792 254
532 693
494 824
758 5
260 912
979 344
945 408
122 491
253 579
965 820
753 699
457 70
923 353
157 925
47 281
794 254
649 721
616 796
12 23
654 610
487 503
605 176
130 198
538 251
701 669
409 5
671 805
984 655
72 841
399 742
400 832
702 965
781 873
577 512
779 332
396 660
128 858
276 450
614 128
137 540
20 975
133 616
150 606
375 517
343 107
390 354
807 408
738 855
7 284
6 121
58 334
711 828
930 37
509 816
846 241
191 4
85 513
569 332
495 370
651 850
836 350
470 52
293 709
740 178
985 301
252 500
479 3
256 617
845 361
665 963
159 982
646 501
176 978
905 189
389 852
835 444
820 8
201 600
492 201
511 895
41 423
61 956
189 231
239 498
139 798
344 112
291 683
136 810
633 558
703 450
688 793
563 343
485 989
752 172
532 730
745 949
519 785
395 426
54 968
340 442
197 479
490 363
255 41
311 331
295 838
832 18
207 138
605 775
303 679
287 703
398 649
936 208
644 673
371 405
478 603
596 90
634 277
932 339
129 369
644 560
149 894
153 123
180 804
73 396
491 621
220 37
385 24
520 717
410 509
451 267
270 845
272 502
6 827
215 211
551 597
58 26
978 155
802 173
766 202
661 102
538 659
831 266
299 237
686 523
103 655
778 552
16 649
497 820
794 936
688 155
301 680
494 302
493 192
275 98
388 195
137 69
604 549
18 320
208 862
906 403
302 760
947 709
803 873
971 251
165 256
863 441
743 855
229 649
32 91
188 342
189 11
861 569
127 293
947 16
624 899
827 742
75 893
814 480
744 636
874 567
942 735
451 794
749 757
805 35
3 121
601 262
69 248
628 617
371 448
306 365
514 262
201 1
699 270
451 27
849 669
625 740
728 814
802 525
855 467
857 590
876 414
474 618
951 492
112 563
499 469
742 307
512 922
451 342
288 974
625 875
756 235
279 640
84 552
902 87
876 700
135 759
694 651
186 120
614 72
319 292
637 297
341 732
582 490
414 8
817 429
544 777
872 646
893 853
711 887
837 712
140 552
796 603
806 649
627 156
45 485
690 922
566 9
713 587
424 406
973 9
258 814
902 15
432 581
894 533
328 566
366 466
63 771
717 76
705 580
423 185
480 849
457 748
75 504
873 798
359 831
967 956
825 830
95 769
902 809
341 129
858 29
470 495
609 869
134 598
30 519
252 659
209 672
963 587
545 657
861 748
365 285
709 968
808 407
791 822
819 57
657 182
867 261
306 320
425 651
710 204
364 392
538 373
261 119
779 581
358 234
748 294
961 577
736 422
719 167
137 773
428 744
448 962
641 661
969 32
917 320
227 894
357 819
490 212
992 126
667 598
102 969
471 156
823 939
366 946
516 849
104 765
717 373
522 357
223 165
812 646
57 410
385 403
851 512
211 929
621 618
999 796
471 339
594 894
848 266
208 105
694 841
553 875
458 737
185 431
927 733
262 580
123 543
259 609
190 11
262 628
122 965
854 498
527 392
622 14
518 325
123 469
713 931
130 609
166 99
77 572
428 938
341 391
469 178
52 846
255 321
867 760
882 795
819 228
201 669
476 513
296 167
792 812
282 838
286 774
947 72
252 772
515 780
870 576
102 478
799 588
247 515
361 592
412 628
913 953
416 639
447 870
430 144
343 945
273 427
847 449
888 270
814 250
42 583
969 115
165 638
280 744
301 110
457 816
741 544
484 479
908 425
361 428
803 69
920 265
770 390
366 991
277 118
617 867
564 926
481 707
327 784
77 186
439 567
82 272
942 968
189 689
150 697
985 530
967 614
238 102
96 523
403 553
308 144
328 590
609 963
422 424
819 820
807 702
708 466
705 701
7 663
284 56
964 586
971 222
638 919
665 883
960 621
356 410
449 232
530 339
821 880
173 673
943 461
907 875
450 754
913 234
507 911
225 599
479 365
710 613
212 424
88 118
89 291
786 395
164 267
520 50
277 756
48 488
687 953
799 659
678 276
748 72
145 307
936 66
455 538
904 672
580 657
951 526
193 559
502 467
822 626
681 274
258 485
170 809
267 369
624 292
54 667
37 583
455 824
337 501
604 301
183 82
592 714
520 718
483 812
279 639
853 854
140 807
841 950
326 702
275 568
607 731
99 796
297 836
135 92
910 866
876 946
239 216
663 586
43 453
31 300
555 430
739 314
745 76
746 287
893 220
371 756
258 843
613 205
690 838
273 602
804 345
347 361
878 108
178 729
160 820
324 623
147 46
885 906
12 956
894 736
954 533
96 885
812 603
82 824
764 444
892 233
674 916
474 247
420 588
891 35
104 431
268 520
697 350
94 270
131 256
423 728
31 763
341 447
729 341
166 314
502 226
140 417
757 872
169 503
523 980
156 667
692 965
749 756
771 494
944 906
365 826
767 400
202 472
1000 120
496 757
976 87
188 155
687 179
379 988
412 979
658 983
202 299
476 158
918 109
79 35
170 781
690 452
941 500
235 289
3 423
685 191
158 705
106 30
846 370
296 586
737 977
716 810
953 616
726 152
223 332
244 311
101 362
606 871
396 556
271 640
932 718
557 167
885 554
391 875
747 569
34 36
716 520
495 471
379 358
287 571
181 36
733 535
539 958
646 118
262 879
76 69
492 590
935 76
422 353
977 222
280 442
195 297
177 790
182 309
945 560
76 28
332 118
631 370
961 265
192 545
670 282
928 341
412 62
180 254
583 892
89 200
752 440
860 851
420 608
826 751
958 480
433 747
621 235
161 565
888 934
122 98
14 346
184 513
772 130
518 922
830 920
559 186
501 14
908 834
175 333
841 417
572 311
130 478
169 380
88 332
107 24
311 178
477 166
448 852
775 945
628 765
224 139
444 384
272 273
111 662
883 425
370 556
831 649
421 811
926 663
267 22
93 792
138 265
567 194
805 747
475 216
439 957
557 122
707 917
893 930
713 260
91 488
510 498
977 688
544 790
483 578
711 858
659 583
567 470
864 775
42 719
774 148
280 248
565 817
971 582
829 892
833 91
427 136
194 181
357 327
237 241
437 479
846 949
189 398
502 767
578 837
458 625
935 193
298 419
705 720
910 193
804 780
476 845
947 329
786 130
364 922
644 228
666 860
630 389
80 481
868 282
857 47
715 185
809 844
369 965
853 27
265 514
734 494
566 880
457 362
154 266
852 869
320 62
435 287
292 444
535 336
991 370
207 259
559 94
126 465
52 540
127 120
351 608
266 674
965 996
879 866
883 615
528 416
408 618
864 264
466 44
83 351
509 138
718 454
21 158
629 169
956 463
799 131
747 338
382 507
898 368
183 254
901 959
794 257
262 235
546 446
874 83
233 105
750 582
917 69
242 745
229 509
755 925
383 868
462 333
335 705
252 13
24 879
592 718
275 475
402 820
759 707
802 472
972 904
982 15
557 546
150 920
707 461
927 688
787 485
401 354
147 898
920 642
526 898
123 3
872 386
146 54
442 392
952 373
647 582
769 988
557 853
377 381
947 905
655 504
262 813
87 650
866 203
957 224
585 689
753 891
916 891
16 259
369 707
443 836
524 747
984 416
433 896
624 71
404 601
775 570
173 356
653 90
468 352
932 23
805 879
991 628
831 880
372 107
11 887
875 884
452 963
228 402
681 563
702 999
704 380
484 508
894 35
346 509
73 259
606 631
267 175
930 394
770 282
111 940
556 239
188 683
880 346
870 395
600 731
286 104
200 233
790 914
205 104
998 303
927 993
539 981
777 968
575 116
967 581
859 68
273 601
328 540
332 252
885 792
433 915
506 699
734 995
647 644
319 855
603 200
238 861
829 646
961 310
229 550
394 717
344 304
109 16
791 590
332 305
296 646
28 26
51 171
921 849
762 829
890 374
639 529
916 936
766 876
549 970
735 915
203 258
459 668
903 839
437 518
505 46
236 458
296 15
783 983
525 162
448 218
201 950
123 394
99 59
336 859
874 471
379 991
552 111
92 312
719 205
482 552
267 412
698 968
935 805
826 685
68 320
487 654
275 998
921 88
25 19
686 216
234 251
660 499
953 623
572 711
663 760
577 895
941 502
910 895
983 799
346 320
349 587
578 951
46 597
765 67
684 47
704 661
357 465
930 107
896 39
935 510
424 808
336 84
391 520
379 214
182 26
316 765
178 762
855 148
837 889
787 428
181 965
865 924
479 224
959 936
468 663
358 807
860 701
173 966
134 596
227 265
854 71
380 874
187 854
835 710
964 786
775 110
751 554
240 252
140 503
692 132
606 326
593 585
278 365
434 103
736 747
558 916
70 906
252 849
739 321
776 184
715 728
775 514
633 951
818 35
453 204
681 361
663 457
758 841
318 842
909 841
548 31
491 934
816 351
418 919
640 839
449 765
990 562
600 629
812 186
451 692
859 881
141 786
366 803
43 268
6 144
46 625
124 337
417 183
110 292
833 719
996 269
559 829
217 674
592 882
276 854
719 546
780 653
964 434
694 847
199 423
881 340
534 996
5 250
52 187
215 932
699 660
649 431
83 871
915 850
866 60
175 298
829 718
45 820
651 614
692 122
735 164
377 822
515 969
869 867
288 255
491 280
255 323
277 877
962 996
406 323
51 16
255 464
863 145
593 949
500 393
230 534
424 150
3 34
222 186
316 43
137 452
71 467
753 696
258 108
645 512
95 473
960 126
409 232
673 191
767 427
126 289
309 208
438 877
929 21
59 376
315 210
493 83
979 187
118 645
120 890
84 797
88 472
344 578
435 685
580 605
969 194
202 755
920 442
178 358
618 187
713 197
974 156
873 271
945 938
304 62
582 417
36 461
63 788
654 989
988 895
424 528
324 450
280 166
788 70
954 938
186 272
684 247
195 450
273 636
146 642
560 444
462 620
781 796
949 102
521 295
808 789
735 506
366 379
385 776
886 626
759 480
912 883
181 860
365 193
661 628
212 724
104 437
692 94
164 599
271 349
494 526
443 520
321 980
174 336
933 229
956 842
614 938
516 766
191 699
335 829
937 115
577 52
317 241
209 904
322 681
433 365
348 856
149 665
6 754
657 414
822 624
712 833
423 613
296 818
353 935
705 394
266 982
231 898
615 191
658 512
615 24
413 566
839 720
642 12
736 223
84 535
822 269
145 893
383 549
781 430
820 742
603 670
139 127
234 279
73 659
76 566
91 467
348 418
332 799
258 614
479 600
25 961
335 676
375 923
893 218
752 978
347 250
868 499
710 719
962 469
843 120
84 927
152 363
100 97
906 188
265 12
385 763
831 122
742 515
892 116
765 738
587 718
199 252
471 635
766 520
864 669
294 16
834 61
263 783
507 847
751 672
735 367
443 504
833 243
942 975
643 622
277 820
190 803
856 315
219 58
325 984
596 453
725 39
818 843
136 283
490 680
17 40
141 849
433 312
343 789
52 550
326 77
444 152
857 689
804 360
791 897
899 436
741 819
460 914
860 324
508 698
889 717
27 654
701 62
644 535
941 211
146 749
289 532
89 874
44 354
261 710
651 322
50 583
152 139
120 255
428 200
802 861
380 817
936 523
557 165
671 173
394 219
656 762
859 901
755 84
737 481
223 554
460 825
279 976
413 94
731 207
431 630
384 844
149 452
688 186
198 879
518 50
5 133
560 324
651 671
765 277
432 727
364 658
679 69
682 827
192 547
869 99
694 642
366 307
80 360
963 703
125 664
812 968
317 486
28 127
416 793
574 743
952 187
235 229
455 408
665 649
316 802
977 664
355 284
853 5
106 666
450 568
353 291
45 557
317 200
966 191
666 651
938 660
758 61
374 266
675 603
89 650
258 941
227 564
763 582
767 438
140 52
935 891
292 207
741 952
139 372
12 254
34 386
552 475
269 660
594 842
421 958
262 370
469 930
420 702
132 922
404 231
331 897
194 719
747 505
984 981
381 27
770 336
898 285
992 480
247 122
760 124
933 562
950 354
323 926
382 8
185 865
298 704
523 57
821 135
237 973
128 15
668 649
390 131
930 140
608 286
451 426
115 318
806 394
879 192
590 269
241 100
356 131
194 34
717 182
366 348
294 201
522 932
599 182
838 906
30 727
218 351
717 775
647 604
901 90
943 325
401 166
38 93
385 973
151 790
961 110
468 906
325 527
308 755
262 524
972 298
496 115
784 624
18 824
455 269
627 836
282 837
246 178
467 195
654 213
306 127
566 993
199 776
813 524
746 561
553 685
284 169
61 867
14 679
843 317
616 753
874 413
66 718
770 240
442 353
406 140
366 640
365 979
86 286
852 639
301 826
799 252
103 163
548 60
816 380
963 511
871 222
492 957
219 799
236 983
55 397
732 479
978 21
430 595
603 290
50 670
750 567
509 859
832 568
523 37
580 18
492 754
989 370
134 209
47 720
730 850
694 953
200 429
792 177
205 164
320 690
525 881
609 960
206 630
946 813
68 627
821 91
53 193
346 893
330 582
276 608
887 174
190 42
372 905
817 780
69 827
584 529
894 818
471 967
511 746
613 874
445 232
672 148
844 438
468 831
565 215
252 726
277 799
973 530
995 38
636 844
178 884
680 526
978 783
725 2
528 962
982 659
553 401
79 645
755 106
31 550
162 819
126 608
877 472
291 909
516 178
614 661
210 711
654 288
650 450
679 695
663 18
157 893
672 719
710 11
951 279
308 779
130 55
918 68
761 33
101 512
914 264
339 247
720 934
124 982
749 849
128 907
771 947
920 407
614 209
249 599
250 760
548 167
54 952
234 910
862 515
261 626
409 775
104 681
177 291
505 942
399 484
209 966
348 268
958 685
25 855
143 912
572 515
850 861
393 868
945 695
820 517
289 75
807 265
96 443
461 333
725 896
502 539
507 499
734 40
915 856
57 64
77 957
425 420
315 776
320 670
622 235
403 248
73 814
312 114
185 484
792 316
955 728
359 868
214 105
345 238
143 423
720 46
242 350
617 442
306 142
307 166
848 130
29 78
339 633
1000 349
692 51
344 417
970 445
701 315
370 75
522 606
597 250
699 519
196 805
179 17
734 317
184 505
293 57
929 545
365 599
725 151
49 670
981 381
16 34
253 662
588 689
918 262
597 845
193 415
462 16
740 859
725 566
249 928
845 391
986 89
538 140
6 622
583 396
179 634
613 955
3 424
121 463
90 646
328 239
367 342
225 377
319 467
492 901
970 565
612 918
629 784
560 825
443 415
7 118
245 999
693 627
604 82
953 478
332 941
793 133
722 229
134 127
390 21
873 87
820 618
233 944
254 990
592 761
479 959
194 829
932 943
437 87
367 778
594 314
741 57
360 92
380 135
695 472
163 763
593 114
367 891
649 288
150 983
65 953
816 735
569 505
61 685
99 326
510 166
310 664
497 391
498 984
118 465
137 246
981 989
674 951
290 972
754 233
459 975
367 718
856 361
764 306
801 312
530 150
861 744
78 711
985 180
696 321
499 968
995 975
407 69
260 33
469 508
677 167
553 489
992 583
5 634
123 521
878 907
537 925
311 286
810 619
905 693
508 872
239 744
918 413
975 164
232 890
672 759
322 944
415 125
932 41
516 424
463 353
357 942
747 218
984 696
15 808
721 571
832 892
562 726
528 101
854 872
874 122
145 836
333 934
519 430
335 633
517 418
584 171
396 621
917 159
422 599
650 314
172 170
154 685
798 242
452 330
698 46
720 426
332 800
613 177
544 920
63 208
927 955
128 447
591 590
265 250
399 485
215 874
443 37
181 950
328 598
267 197
919 872
332 6
460 83
686 801
660 836
276 589
649 429
722 525
462 816
342 218
380 393
697 441
19 165
611 287
593 376
481 550
890 458
193 106
380 504
473 138
551 387
296 397
739 163
597 193
622 876
753 963
294 827
905 358
527 219
341 372
236 110
936 719
505 123
822 840
537 968
224 477
26 335
335 507
407 990
156 734
496 811
566 913
334 641
282 100
110 936
956 228
460 987
135 961
157 777
634 839
918 40
337 397
482 750
179 690
275 947
497 711
476 259
474 721
663 717
810 899
84 31
137 519
618 200
358 327
292 593
437 116
370 305
816 91
944 96
673 550
211 611
160 735
158 62
215 187
128 125
537 215
741 415
227 930
64 783
690 975
781 234
823 681
404 329
833 681
9 319
318 307
284 743
674 59
68 862
289 31
321 475
114 12
686 722
214 211
698 430
555 245
155 739
321 287
561 955
507 52
808 791
502 639
541 43
446 433
657 566
458 483
956 614
792 511
316 901
777 109
445 231
433 679
288 174
164 593
946 415
677 285
273 457
915 360
614 936
361 790
929 516
63 127
683 488
273 216
203 283
611 102
744 517
302 157
583 244
330 106
169 296
278 154
390 960
525 187
609 970
675 530
525 91
225 1
867 430
409 202
249 954
747 87
974 941
560 673
317 578
65 916
395 184
839 573
953 886
42 846
352 234
10 626
230 207
220 871
805 735
561 43
530 954
343 405
698 132
914 969
349 612
244 334
120 340
844 812
87 474
91 469
788 501
298 665
258 503
63 155
52 424
763 254
898 5
426 229
997 106
156 414
854 749
603 47
967 833
734 855
91 243
829 645
569 628
595 707
299 398
87 965
267 620
864 472
648 973
77 781
481 908
891 217
393 214
527 351
911 60
734 625
790 935
649 485
613 828
962 100
375 479
839 302
795 908
815 321
709 846
381 985
705 959
482 112
910 30
293 56
75 387
460 607
372 140
134 792
669 946
30 857
397 74
827 765
844 693
517 361
723 572
425 769
503 712
126 413
273 341
224 389
888 620
13 395
329 78
477 94
426 976
117 247
901 228
748 319
953 801
409 87
597 686
653 204
412 862
665 109
733 62
149 925
866 641
405 3
228 698
618 880
713 50
383 586
21 211
64 570
410 474
103 379
768 696
396 601
509 32
861 267
935 516
957 792
962 738
840 26
571 48
104 789
661 133
702 627
594 424
8 603
725 818
488 3
589 227
241 381
636 322
708 823
485 378
14 461
752 847
308 165
493 159
76 137
498 247
579 34
543 647
185 417
358 843
470 113
553 899
221 821
682 825
555 61
540 655
527 435
604 518
346 818
458 424
555 74
740 454
425 572
302 295
910 472
311 853
921 897
614 517
450 647
346 596
294 796
334 793
139 861
946 423
678 118
643 651
12 616
460 579
797 703
965 746
269 35
198 203
169 471
260 954
279 142
924 321
641 861
385 233
1 574
273 305
505 440
434 836
628 586
899 402
538 382
225 73
226 482
871 470
583 482
843 187
75 715
974 997
120 976
304 311
514 150
823 128
699 414
823 682
14 773
55 427
559 619
319 502
600 632
896 329
264 420
77 4
186 25
918 990
595 191
715 430
301 952
451 87
684 127
817 346
113 709
989 636
994 838
276 249
300 263
546 235
271 902
533 479
704 867
101 835
564 507
488 398
670 12
740 132
603 132
346 871
75 367
772 671
905 58
65 821
122 974
307 614
929 940
687 235
826 540
994 650
463 84
49 793
977 143
740 329
133 357
541 360
156 906
359 653
27 826
307 14
725 108
981 210
450 538
680 675
683 552
406 305
235 907
434 6
109 904
956 903
724 411
999 803
305 819
197 485
877 387
719 228
535 477
466 262
487 427
234 733
297 544
908 64
654 612
993 104
137 804
961 714
548 62
762 324
110 651
71 643
591 120
885 347
561 445
547 427
673 731
223 825
279 711
638 12
424 818
901 972
336 354
478 353
345 724
589 329
423 393
523 39
210 470
963 172
581 741
531 560
824 541
806 714
384 903
704 720
707 147
232 49
289 30
329 985
695 402
953 247
534 532
423 239
371 646
372 757
191 147
311 78
133 22
355 922
981 690
986 24
623 237
695 688
94 501
185 319
938 135
740 15
373 546
281 972
566 391
660 712
40 561
759 402
526 817
127 731
644 196
256 653
620 918
423 563
299 609
234 105
892 416
22 743
397 468
736 840
311 562
41 58
244 727
653 739
709 18
35 596
787 933
537 826
311 419
723 547
377 679
159 241
697 912
149 565
331 446
939 831
468 253
785 213
288 619
254 266
952 651
921 437
575 992
281 184
69 159
665 148
274 997
545 177
121 320
207 627
609 235
277 179
153 125
746 836
880 514
558 399
228 534
84 530
470 575
841 953
646 722
43 427
81 892
244 472
855 328
839 398
372 388
447 426
698 212
603 256
492 833
54 216
314 381
431 934
712 136
234 564
401 663
972 714
594 340
243 318
688 145
671 488
897 28
787 295
950 305
272 936
512 699
95 666
117 894
189 577
924 916
303 457
532 209
720 145
906 266
835 352
655 149
459 84
40 822
1000 304
29 346
967 244
734 513
660 748
809 750
592 234
705 781
479 430
652 780
247 130
764 296
359 580
506 8
605 876
574 57
888 800
578 164
373 856
100 928
883 65
30 975
611 52
725 36
620 446
123 766
341 299
481 383
148 945
773 766
813 961
335 269
706 691
50 431
602 576
306 5
571 755
844 517
580 867
818 936
412 953
974 543
757 149
888 732
139 508
893 597
982 782
951 373
495 937
35 493
225 157
228 724
456 555
376 31
528 492
585 237
140 267
291 22
295 582
337 468
619 442
175 744
90 644
948 936
611 686
139 523
512 527
343 459
182 79
96 140
812 210
103 459
493 491
701 102
101 230
391 870
410 842
747 572
50 676
217 579
399 159
55 661
503 699
500 580
690 916
158 345
177 559
750 348
327 757
20 227
993 717
622 282
389 99
446 108
664 494
531 689
349 209
368 712
475 556
963 787
622 116
53 263
220 792
8 408
119 10
321 119
449 58
969 803
911 896
311 852
618 886
657 910
217 183
273 901
914 134
292 310
610 793
520 17
792 726
714 811
390 335
353 145
601 507
785 12
53 174
559 54
163 257
511 369
370 839
944 570
609 667
328 303
664 649
311 62
421 554
392 972
840 458
289 580
567 873
326 985
809 555
921 143
345 989
72 163
755 870
537 479
406 669
499 36
374 528
357 142
49 213
72 50
935 555
561 272
2 28
689 389
432 170
198 564
881 925
37 973
719 737
812 69
483 585
940 161
183 58
543 324
394 333
177 587
417 632
863 571
469 815
115 259
354 601
345 266
418 454
424 919
725 567
502 752
750 90
939 249
227 187
489 884
240 318
60 521
665 921
647 601
293 310
47 893
166 12
87 524
697 296
91 585
937 377
114 682
833 184
991 821
65 86
484 520
734 360
420 784
246 6
725 275
269 245
442 667
903 890
526 860
355 394
654 216
6 928
568 281
566 996
326 121
532 700
539 104
530 355
995 890
249 124
785 232
821 730
59 924
131 906
922 899
467 34
412 993
461 800
915 487
914 543
58 717
116 379
761 10
706 925
90 593
58 700
865 36
222 619
996 794
276 683
55 25
611 665
225 310
807 808
1 197
129 8
573 589
560 884
98 943
742 76
873 499
585 391
362 776
860 31
825 435
639 578
722 768
749 510
694 146
552 615
272 914
720 505
183 411
626 757
228 800
693 474
417 87
570 23
842 784
919 936
685 838
1000 168
814 655
53 44
320 693
564 472
109 261
493 102
555 247
223 269
388 214
480 799
651 728
891 319
216 501
472 927
635 507
717 855
519 499
852 706
694 585
74 590
94 389
277 939
887 88
943 346
895 637
635 414
346 666
147 871
188 329
61 949
309 424
18 904
990 978
177 688
848 967
247 991
936 734
714 784
715 41
753 894
417 129
779 852
399 273
587 243
454 430
278 152
980 34
361 566
54 627
680 958
933 340
754 755
277 464
278 11
378 751
417 725
2 73
844 960
149 790
595 314
776 608
419 530
233 989
133 631
250 549
123 785
822 743
587 205
729 689
470 717
591 95
370 625
546 620
505 962
456 154
572 676
846 395
394 80
957 435
244 306
31 298
215 89
641 98
324 669
293 831
464 163
538 522
836 411
945 737
252 194
34 909
312 279
6 495
561 868
836 298
750 304
733 702
919 829
80 98
526 577
893 312
532 210
471 646
573 914
372 889
946 716
338 347
472 891
270 178
329 726
181 797
845 262
955 584
705 659
504 143
926 246
35 900
330 712
761 163
99 154
748 885
691 200
821 975
734 111
243 923
744 724
374 435
662 488
855 672
89 542
700 359
334 989
62 588
785 39
587 159
678 298
644 878
168 63
482 963
176 538
619 782
329 76
334 767
724 67
819 369
417 753
550 707
615 179
990 266
427 568
559 371
149 807
956 285
685 185
963 850
761 841
323 648
676 908
14 815
970 673
371 533
750 912
185 984
846 487
812 211
82 432
484 364
819 813
6 169
372 935
662 420
229 129
68 769
125 848
751 12
664 8
756 694
594 313
25 594
137 392
483 57
523 332
941 949
835 206
104 68
506 728
412 107
570 801
679 65
337 472
796 291
657 611
308 453
962 99
129 734
591 826
579 834
808 672
156 49
484 739
147 814
479 397
303 179
576 635
95 189
8 247
672 78
273 21
516 87
476 564
387 29
282 877
869 791
749 321
566 793
358 928
717 675
97 826
726 70
131 514
654 364
303 774
514 451
472 258
535 443
314 557
297 441
27 832
727 915
155 494
612 826
472 181
314 101
277 264
26 8
912 25
288 771
595 498
957 743
232 652
585 136
567 215
257 229
276 327
978 425
852 370
301 148
512 637
434 567
474 760
183 144
560 841
820 465
82 5
728 559
427 851
745 236
451 89
868 610
417 217
807 492
924 648
392 521
870 340
89 428
622 774
241 398
773 445
132 587
224 858
977 18
405 985
232 215
642 832
395 652
313 122
42 344
371 684
63 34
48 761
466 680
991 439
223 296
259 390
8 343
650 234
65 922
506 764
307 965
843 663
811 437
299 345
708 971
322 154
216 393
934 445
333 570
874 946
327 28
596 539
942 523
765 774
636 804
420 785
627 987
619 995
544 37
502 189
359 284
19 501
717 758
294 649
188 388
151 240
45 525
913 88
623 764
239 811
538 446
705 135
779 952
1000 965
567 569
515 898
154 54
780 294
549 239
679 796
495 627
496 563
710 946
468 441
642 434
770 127
311 29
206 365
614 350
525 455
629 353
469 977
951 45
898 219
336 582
82 86
620 986
440 612
756 42
421 815
171 660
85 838
33 747
140 649
941 313
210 325
124 259
972 593
629 582
210 714
54 365
811 866
998 393
355 702
868 889
416 298
20 164
748 78
216 583
837 939
930 287
215 779
593 447
425 477
8 371
677 599
808 794
554 290
761 798
184 131
57 891
991 152
464 659
815 636
753 19
916 547
792 625
317 42
725 612
49 916
7 997
133 85
451 921
341 277
473 901
700 348
826 899
848 599
83 322
84 233
50 393
24 788
496 369
758 121
505 389
479 182
560 725
435 543
226 424
139 291
106 146
982 851
624 347
202 641
655 840
63 704
579 227
339 360
159 61
344 722
369 117
225 337
210 7
140 734
324 3
219 895
560 785
437 334
234 272
974 108
647 62
615 330
802 165
270 631
641 97
309 403
276 204
686 531
67 65
310 681
953 160
149 903
518 184
42 641
205 243
885 881
15 342
845 35
561 343
981 739
764 213
864 547
61 645
902 837
591 823
707 431
764 68
308 482
406 947
482 319
561 726
345 924
284 27
256 764
683 199
575 509
541 189
355 150
377 690
910 114
326 553
503 151
44 106
481 732
264 166
361 870
490 514
635 428
528 546
322 535
344 195
549 69
911 610
143 916
403 653
232 618
410 101
766 624
657 492
535 7
187 381
405 302
117 244
231 76
898 97
23 832
427 571
422 252
358 81
72 826
490 105
36 221
184 936
524 122
282 381
653 346
837 13
569 871
721 666
988 111
206 212
854 832
340 922
349 724
208 456
394 117
15 615
396 555
327 977
55 358
818 714
258 516
479 554
210 269
20 559
128 56
73 150
547 871
567 376
293 931
385 568
684 180
650 100
690 869
569 396
492 581
592 795
276 966
393 102
912 914
103 905
217 874
532 247
220 875
248 912
9 86
48 572
433 770
87 501
643 659
136 175
77 528
349 581
410 670
194 364
711 209
308 740
436 465
511 831
442 786
648 89
151 894
118 247
635 475
653 728
71 199
223 751
937 61
114 614
886 200
815 68
88 53
641 801
70 901
753 773
238 703
296 66
652 487
726 720
140 211
602 546
969 381
515 937
26 230
724 497
305 684
240 702
171 892
83 88
157 801
140 49
555 914
130 251
560 620
338 118
949 694
549 300
805 946
440 986
869 239
580 502
531 583
819 618
475 160
84 596
710 640
641 399
399 427
789 255
119 646
390 90
998 143
582 462
232 951
440 679
798 246
786 678
324 377
452 438
151 384
722 340
559 827
821 439
124 478
234 522
309 124
132 475
684 152
171 119
259 249
533 333
167 195
835 173
564 373
983 381
307 964
467 650
873 627
912 781
30 728
714 649
695 734
882 963
862 460
249 454
8 5
969 942
832 498
264 382
965 570
857 929
911 644
383 149
433 490
274 730
828 213
304 537
529 80
838 474
112 262
352 373
174 119
788 810
26 96
740 799
689 795
355 874
304 327
729 554
440 775
371 305
44 377
872 778
196 332
474 554
970 663
917 111
923 567
709 10
452 101
842 429
685 17
978 29
444 641
287 821
327 776
934 344
634 744
663 574
31 304
200 244
370 188
6 118
779 178
907 505
656 711
303 348
663 796
336 387
800 530
67 245
416 299
219 478
259 935
6 400
651 845
341 879
147 26
8 372
47 573
471 621
455 168
55 786
976 465
226 656
282 750
941 781
670 341
288 51
734 552
626 401
701 417
152 930
506 499
84 276
213 232
915 364
440 918
888 886
518 679
446 614
415 765
292 328
458 80
122 421
657 118
974 663
574 461
144 222
183 791
679 690
888 707
546 793
876 284
948 689
163 475
364 456
631 522
335 249
709 460
361 342
721 689
845 700
844 849
45 52
391 200
53 508
620 936
931 943
144 267
73 443
310 440
862 629
189 209
97 301
944 290
965 372
935 540
113 44
993 875
723 446
335 908
584 152
840 226
159 338
768 128
297 944
993 964
833 879
723 303
820 659
35 727
840 113
270 628
128 93
627 139
556 117
428 256
747 376
125 842
841 617
163 629
169 752
702 554
228 85
47 755
447 181
51 756
969 632
308 205
200 462
589 76
139 401
47 608
947 558
323 264
5 60
322 80
285 860
712 504
933 976
664 379
227 245
342 774
221 975
166 80
703 267
765 990
768 797
91 691
523 750
840 902
201 15
434 235
805 456
933 131
41 27
204 961
23 415
754 480
711 18
877 294
435 303
330 59
94 16
477 227
156 659
250 242
490 293
519 876
866 968
792 923
226 363
266 658
230 675
362 379
288 650
698 753
71 401
883 695
206 392
387 366
26 50
923 288
231 79
662 911
192 325
687 83
733 58
606 824
455 788
97 472
335 834
860 290
608 972
182 211
847 167
577 967
780 860
237 705
864 21
239 151
208 457
577 880
447 378
31 379
897 73
9 409
101 227
798 155
361 142
470 824
38 540
741 467
584 402
159 596
966 876
759 818
392 333
986 445
308 161
406 882
85 433
765 303
68 545
416 194
806 499
475 545
204 33
665 529
8 268
887 252
455 545
673 46
285 800
18 157
899 572
632 715
905 147
636 147
749 140
466 64
751 706
51 735
192 711
924 8
709 814
691 303
658 476
731 574
719 339
218 615
769 797
627 961
792 682
751 898
70 378
725 197
193 348
691 461
136 548
795 59
317 819
909 15
148 711
629 266
762 173
709 354
710 197
82 999
538 166
793 703
461 537
316 380
368 896
145 652
112 505
985 718
495 974
889 151
525 417
215 479
970 880
211 364
84 742
531 651
438 85
166 964
816 293
357 139
177 285
225 521
79 466
308 2
817 205
266 93
506 838
256 91
440 680
42 548
439 554
688 126
635 794
33 303
414 252
253 332
626 934
128 5
699 862
773 443
439 603
390 133
328 716
864 910
4 527
295 56
411 519
375 206
357 335
463 328
38 794
510 807
235 258
975 27
582 907
467 985
221 789
916 299
555 803
648 905
705 680
247 33
263 828
602 80
392 2
187 794
15 133
777 116
338 866
283 239
122 829
817 875
530 356
65 43
843 68
149 985
355 318
529 309
359 286
783 328
500 400
183 180
193 425
303 254
737 788
115 616
175 478
838 106
589 944
553 234
662 964
666 395
231 919
680 227
510 90
420 294
594 921
50 587
83 228
214 846
236 958
257 199
900 895
667 924
780 149
84 762
953 575
183 246
979 783
85 836
567 108
508 296
257 481
832 635
843 540
305 477
270 665
32 162
258 973
40 904
712 144
591 440
885 667
671 496
621 581
5 994
416 300
789 869
260 373
206 713
454 711
612 595
854 991
122 639
692 263
52 102
270 213
221 749
82 845
449 118
838 1000
420 434
385 946
526 821
69 694
329 537
437 590
867 25
815 281
672 25
377 261
892 444
604 239
627 953
958 307
445 452
66 923
288 385
417 291
995 778
409 435
456 626
224 510
447 828
914 495
952 710
274 590
166 576
888 708
316 437
447 909
947 333
344 950
930 405
477 230
425 603
785 491
326 917
978 476
528 19
179 661
441 446
297 802
71 289
232 597
305 287
414 395
40 567
395 609
861 290
647 171
638 44
141 706
36 488
383 947
24 496
392 628
817 277
230 319
312 427
290 291
152 84
280 137
752 969
750 324
660 180
699 804
171 33
389 506
636 315
582 817
297 327
454 656
82 527
858 156
416 167
750 422
613 982
760 630
464 339
81 501
773 38
192 589
464 738
375 468
968 722
592 238
332 297
136 4
981 948
929 729
514 809
326 267
35 974
649 202
647 819
430 277
737 513
991 412
394 934
677 141
878 776
916 807
540 155
743 444
815 19
32 930
487 194
71 259
701 904
350 334
871 344
709 653
691 142
692 325
714 21
733 279
643 19
166 620
62 685
945 303
145 679
849 651
480 82
82 250
123 830
785 471
76 796
990 408
392 931
118 631
728 679
379 821
418 907
145 961
239 289
229 929
552 260
525 751
341 738
949 995
860 194
437 191
901 512
444 825
85 749
106 328
824 627
876 852
272 746
685 890
906 121
465 223
708 173
671 315
233 843
731 196
380 46
807 299
534 609
599 333
820 918
968 897
255 787
453 967
938 313
462 943
415 874
464 319
212 565
752 546
454 926
238 769
739 828
298 186
743 796
2 947
527 47
530 257
70 590
181 751
807 879
42 167
303 188
731 561
715 148
493 734
614 922
302 508
288 346
628 770
679 390
187 588
170 658
464 891
117 561
805 618
880 51
662 237
212 88
778 675
568 752
663 227
739 329
491 539
18 512
737 888
205 898
280 615
83 90
210 228
767 12
783 811
642 429
700 219
956 333
137 819
11 806
162 710
453 325
222 514
704 269
443 211
374 969
31 56
132 897
861 749
512 751
180 917
785 733
399 437
775 62
689 441
176 212
964 117
656 334
676 641
440 681
572 594
444 989
449 557
985 915
595 928
906 29
125 881
567 350
955 249
113 841
111 194
844 273
849 93
552 689
125 994
787 355
777 153
529 745
105 398
656 778
161 428
471 587
440 229
998 185
795 557
557 582
337 547
982 61
485 90
15 174
885 595
296 484
812 532
815 407
47 889
862 887
731 748
199 82
117 709
62 350
445 78
908 682
946 683
855 519
658 449
307 21
389 519
429 602
797 684
602 738
711 68
35 703
478 185
706 324
66 551
231 291
657 136
53 663
60 73
11 535
516 955
676 259
552 241
465 552
482 902
433 202
107 511
663 116
97 37
745 625
173 136
620 823
583 445
688 922
872 780
28 828
395 227
489 220
785 415
680 371
150 267
365 539
719 508
896 443
54 983
92 30
275 550
764 784
746 359
654 826
788 360
880 761
81 86
495 48
657 64
272 848
979 767
393 736
674 339
12 590
328 779
167 818
150 708
962 598
625 468
142 596
430 41
475 989
9 340
926 180
87 232
806 606
128 401
539 881
42 315
26 932
388 835
219 321
848 127
226 575
69 667
973 205
241 26
313 373
737 9
561 687
549 618
677 549
784 845
38 225
792 453
811 291
230 889
1000 360
553 760
570 710
147 875
956 723
39 649
999 527
184 484
479 343
961 252
763 328
883 959
425 815
173 441
728 144
819 123
52 586
611 253
746 540
235 17
873 777
232 809
123 932
255 163
774 751
903 393
542 304
210 992
926 570
272 195
550 554
330 473
666 31
758 905
871 106
140 842
803 154
534 30
537 490
846 284
993 248
141 624
751 417
309 766
989 364
771 969
388 739
371 45
525 714
180 589
845 877
223 681
793 178
387 833
390 688
177 693
958 551
635 662
114 219
519 146
93 910
972 854
789 888
833 568
320 661
997 229
76 242
595 694
299 277
798 889
233 537
63 348
60 606
96 783
632 689
686 978
123 38
289 392
143 477
632 719
242 424
501 365
237 355
432 272
957 170
504 558
910 224
415 578
164 450
921 713
441 454
986 842
795 81
615 624
320 127
196 962
782 841
911 623
355 466
365 737
974 753
888 626
508 835
20 956
491 151
554 635
260 738
814 201
852 388
945 302
432 327
914 611
699 283
529 824
32 752
519 44
839 543
44 323
245 718
750 805
586 778
453 497
76 876
701 587
81 962
104 637
177 503
380 730
589 554
223 892
833 984
686 336
730 576
231 525
458 911
194 901
195 100
864 885
756 259
471 184
335 640
746 377
587 823
769 294
627 22
366 110
403 224
440 724
172 30
543 764
232 14
636 406
510 777
919 861
800 715
543 653
359 816
401 400
882 75
848 71
811 77
647 739
361 211
194 73
195 672
144 702
74 563
221 928
920 707
821 781
496 240
165 9
527 95
929 740
14 6
492 4
610 931
386 697
136 432
909 299
680 717
735 105
494 697
153 595
834 426
502 196
889 709
41 134
832 183
942 316
32 975
451 852
207 361
865 305
233 937
789 943
677 984
535 36
520 963
963 145
481 185
585 803
322 907
272 252
865 19
442 196
372 5
746 886
196 363
894 134
953 688
606 794
992 154
258 338
352 57
353 848
770 957
160 615
129 39
281 547
396 635
876 100
201 405
989 340
439 951
228 954
524 383
194 630
929 393
15 580
306 840
239 26
774 243
958 620
107 892
600 122
167 92
497 792
152 397
650 436
963 71
746 349
512 626
712 197
252 6
203 970
632 412
746 492
562 468
163 668
368 666
543 257
354 952
263 681
604 625
20 482
39 390
521 131
152 730
459 19
697 177
905 141
744 995
283 225
726 55
564 150
820 56
644 238
493 816
80 475
887 480
322 440
456 890
915 341
773 799
433 414
14 397
662 521
420 876
312 621
386 780
724 306
62 441
264 496
641 770
854 383
888 571
943 129
567 565
269 978
398 526
114 875
304 491
585 846
72 919
89 543
700 9
961 595
926 991
379 926
838 251
571 284
221 155
991 939
371 306
10 548
395 226
335 772
873 357
551 724
386 402
872 555
12 504
569 525
508 335
288 830
632 107
897 704
968 109
73 591
183 406
205 122
600 888
413 109
698 173
930 424
613 222
155 986
837 518
622 356
892 160
953 249
21 713
133 911
134 344
872 487
415 867
358 954
34 836
627 383
206 638
372 866
303 416
278 217
346 837
644 428
203 212
984 614
960 969
152 566
373 556
798 685
212 820
551 463
75 414
772 264
386 607
114 376
740 388
248 826
639 662
605 770
198 472
660 581
347 706
386 718
251 226
995 46
246 500
617 215
643 394
852 376
859 483
118 50
159 209
925 600
468 37
182 799
78 800
188 420
536 958
66 520
490 716
198 21
400 220
673 746
610 77
352 677
995 669
45 766
637 868
378 889
162 954
202 427
426 999
408 614
615 813
588 619
165 694
575 895
893 572
782 575
197 229
680 193
292 783
277 189
211 441
943 302
385 20
667 634
449 857
323 800
716 825
550 789
314 37
632 24
530 129
766 103
90 972
702 784
194 574
794 666
978 143
636 275
500 767
180 765
931 287
69 600
665 367
439 620
668 858
869 247
724 718
803 729
403 199
24 144
764 866
391 542
584 456
488 445
125 824
272 942
954 710
294 303
721 81
489 461
569 485
130 875
741 239
65 838
82 924
601 948
484 792
124 231
416 40
327 450
105 989
428 839
583 653
414 758
660 746
649 127
902 603
601 854
584 900
550 169
759 253
734 503
752 373
553 356
648 48
685 970
238 679
277 541
408 676
981 261
729 212
349 115
786 373
129 272
454 399
45 738
987 889
329 119
558 689
639 445
980 178
283 642
126 358
956 171
176 893
110 730
736 261
214 884
90 654
861 403
936 982
314 86
345 717
340 934
988 26
992 477
702 792
849 452
483 706
941 753
183 425
660 952
578 909
45 328
42 734
814 612
564 639
216 741
404 264
812 381
63 53
47 656
46 829
980 129
808 144
950 279
424 929
99 737
379 81
401 407
440 203
422 302
556 777
99 334
235 638
87 497
717 794
133 249
691 643
359 529
313 167
720 130
817 989
584 928
643 437
985 690
203 506
176 201
354 98
283 34
657 785
914 128
795 143
636 995
434 125
434 29
53 709
554 826
975 888
387 401
45 693
101 709
410 154
22 239
943 820
72 636
932 194
861 164
454 378
340 187
819 336
144 66
754 903
323 730
418 826
444 522
465 679
563 708
323 875
821 77
287 972
607 807
96 63
478 825
64 541
67 366
49 207
503 29
54 120
444 872
451 92
452 291
338 136
552 625
310 129
936 720
663 903
897 219
94 855
756 352
479 923
707 188
746 346
929 234
927 931
880 836
347 317
690 398
133 938
650 4
137 431
411 536
711 621
731 83
369 438
976 90
540 635
319 768
457 849
985 732
952 403
310 717
316 522
189 500
905 35
618 924
565 73
749 220
803 860
53 357
772 277
611 263
21 775
778 642
122 824
820 57
714 516
306 416
109 206
401 157
848 834
21 872
65 40
748 811
658 63
951 838
787 801
576 604
652 673
9 673
283 14
1000 556
303 963
648 456
939 699
991 787
155 200
717 611
161 863
274 726
791 991
832 148
874 627
781 229
912 348
325 185
844 587
611 848
424 134
981 931
212 237
657 424
568 637
992 857
240 734
443 19
62 875
690 48
897 714
383 725
934 687
810 873
116 496
637 326
521 99
908 462
569 818
876 474
737 100
242 570
956 450
410 490
343 280
701 292
440 617
6 840
98 937
379 620
569 524
436 541
823 899
333 928
980 686
730 569
803 431
567 414
91 449
57 337
241 476
573 809
544 845
613 429
532 613
310 796
137 378
484 7
102 594
180 312
811 246
371 655
320 651
372 764
907 731
730 970
971 34
479 157
209 425
177 843
626 58
130 823
17 122
699 714
673 547
632 663
687 521
906 480
229 567
985 425
235 582
696 948
518 285
939 360
321 49
660 582
312 812
193 255
32 187
986 948
666 566
175 40
195 806
843 242
37 55
455 744
618 388
813 982
615 590
62 602
174 880
981 352
305 711
36 881
678 256
772 798
991 347
518 857
745 971
481 6
636 666
332 789
930 894
297 500
787 987
370 649
496 596
650 983
409 67
317 602
305 50
801 917
235 305
71 719
22 497
119 951
338 58
690 423
289 518
589 288
144 271
418 866
699 479
903 169
357 895
31 498
257 81
888 131
267 985
206 927
558 368
45 355
656 648
289 977
263 445
309 15
485 334
56 802
920 957
612 319
940 502
985 747
366 434
545 83
852 34
859 383
258 793
881 645
566 634
694 559
290 929
554 402
919 398
77 615
635 69
216 245
235 691
255 700
900 73
8 193
339 753
303 10
71 222
539 132
240 90
22 998
743 552
672 407
156 888
86 505
147 615
204 588
278 207
140 292
876 94
397 211
576 497
844 572
776 292
406 99
10 776
620 91
822 955
35 343
861 863
810 711
504 236
213 716
664 692
257 866
754 864
6 615
64 276
895 433
461 851
170 125
31 65
839 686
818 393
770 467
202 561
353 699
120 154
49 162
176 844
480 290
408 63
51 905
909 653
737 398
498 442
228 791
484 249
677 982
234 384
665 330
410 287
262 968
798 46
67 32
163 533
720 342
385 563
134 150
582 784
414 934
682 926
111 280
708 846
217 877
454 514
401 406
221 781
807 10
259 624
498 894
521 915
142 991
803 931
109 88
735 292
612 49
479 122
96 802
134 579
156 15
428 804
217 15
143 307
700 588
835 611
530 143
895 563
914 110
839 700
184 414
922 660
723 476
88 58
490 754
574 318
154 429
766 133
965 867
126 417
308 950
152 276
455 982
114 698
980 502
771 212
455 871
495 970
921 231
102 152
14 866
846 299
7 431
704 106
528 94
14 781
774 471
413 869
508 293
528 959
223 850
44 71
607 916
719 750
722 190
461 42
172 163
713 385
366 153
738 820
133 792
483 479
601 672
640 100
489 690
920 916
258 775
298 1000
544 512
192 847
160 793
837 945
750 498
38 798
424 926
8 349
382 525
579 6
835 144
398 822
52 142
513 692
769 546
655 202
661 613
385 938
424 429
687 741
925 336
449 31
216 318
514 893
358 719
756 852
928 107
839 127
329 498
626 328
388 317
430 336
964 990
1 880
131 213
398 820
814 442
342 671
106 902
857 838
638 669
519 944
210 568
19 556
528 269
502 448
661 997
325 73
435 521
933 266
420 467
149 763
421 614
886 378
870 863
407 695
31 251
822 530
572 973
535 187
884 847
304 203
828 278
619 379
824 865
641 381
312 258
442 56
44 148
504 369
750 594
110 493
744 586
183 355
629 991
741 309
431 805
712 5
694 149
533 25
974 389
650 455
855 386
380 994
822 201
328 669
238 384
459 501
149 401
959 416
856 895

